2.894569999999999800e-06
1.092170000000000082e-05
5.918119999999999845e-06
1.092170000000000082e-05
1.092170000000000082e-05
9.207580000000000026e-06
1.092170000000000082e-05
5.353740000000000346e-06
1.092170000000000082e-05
1.092170000000000082e-05
1.092170000000000082e-05
1.092170000000000082e-05
8.977989999999999781e-07
1.092170000000000082e-05
1.092170000000000082e-05
1.092170000000000082e-05
1.092170000000000082e-05
1.092170000000000082e-05
5.941400000000000408e-06
1.092170000000000082e-05
1.832379999999999895e-06
1.092170000000000082e-05
1.034430000000000022e-05
1.161370000000000029e-06
1.092170000000000082e-05
1.092170000000000082e-05
1.092170000000000082e-05
1.092170000000000082e-05
1.063110000000000059e-05
1.092170000000000082e-05
7.024529999999999811e-06
1.092170000000000082e-05
1.092170000000000082e-05
6.101590000000000309e-06
1.092170000000000082e-05
9.174050000000000705e-06
1.092170000000000082e-05
5.435689999999999621e-06
1.092170000000000082e-05
1.316429999999999990e-06
1.092170000000000082e-05
1.092170000000000082e-05
1.092170000000000082e-05
7.642960000000000088e-06
3.806329999999999859e-06
1.092170000000000082e-05
1.156240000000000089e-06
1.026139999999999970e-05
1.092170000000000082e-05
6.344200000000000177e-06
1.092170000000000082e-05
2.151369999999999868e-06
1.092170000000000082e-05
5.603799999999999609e-06
1.092170000000000082e-05
1.519930000000000032e-06
1.092170000000000082e-05
3.318780000000000182e-06
8.027590000000000165e-06
1.092170000000000082e-05
4.214260000000000204e-06
7.217310000000000191e-06
1.092170000000000082e-05
1.015660000000000030e-05
1.092170000000000082e-05
1.756019999999999918e-06
1.092170000000000082e-05
2.360919999999999835e-06
1.092170000000000082e-05
9.765440000000000814e-06
1.092170000000000082e-05
1.666609999999999913e-06
1.092170000000000082e-05
3.126930000000000062e-06
1.092170000000000082e-05
7.346300000000000289e-06
1.092170000000000082e-05
1.092170000000000082e-05
1.092170000000000082e-05
8.089060000000000781e-06
1.052259999999999985e-05
1.092170000000000082e-05
6.829419999999999912e-06
1.092170000000000082e-05
5.513920000000000395e-06
1.092170000000000082e-05
9.444130000000000328e-06
1.092170000000000082e-05
6.282730000000000408e-06
1.092170000000000082e-05
2.681760000000000053e-06
1.312239999999999950e-06
1.092170000000000082e-05
1.092170000000000082e-05
7.916279999999999997e-07
1.092170000000000082e-05
4.641280000000000225e-06
7.090189999999999619e-06
1.092170000000000082e-05
1.006630000000000051e-05
