1.403880000000000052e+02
1.468679999999999950e+02
1.501740000000000066e+02
1.516740000000000066e+02
1.524000000000000057e+02
1.527839999999999918e+02
1.529219999999999970e+02
1.529819999999999993e+02
1.530600000000000023e+02
1.530420000000000016e+02
1.527719999999999914e+02
1.525320000000000107e+02
1.522740000000000009e+02
1.521299999999999955e+02
1.521419999999999959e+02
1.521359999999999957e+02
1.522379999999999995e+02
1.522920000000000016e+02
1.521959999999999980e+02
1.522259999999999991e+02
1.525200000000000102e+02
1.527779999999999916e+02
1.527779999999999916e+02
1.526939999999999884e+02
1.527599999999999909e+02
1.528319999999999936e+02
1.526339999999999861e+02
1.523040000000000020e+02
1.521899999999999977e+02
1.523340000000000032e+02
1.522680000000000007e+02
1.521539999999999964e+02
1.522500000000000000e+02
1.521959999999999980e+02
1.522379999999999995e+02
1.524480000000000075e+02
1.525020000000000095e+02
1.523640000000000043e+02
1.521719999999999970e+02
1.521419999999999959e+02
1.523700000000000045e+02
1.525380000000000109e+02
1.526519999999999868e+02
1.527539999999999907e+02
1.527539999999999907e+02
1.528979999999999961e+02
1.529759999999999991e+02
1.528739999999999952e+02
1.528379999999999939e+02
1.527599999999999909e+02
1.526699999999999875e+02
1.525440000000000111e+02
1.524120000000000061e+02
1.525560000000000116e+02
1.527719999999999914e+02
1.528979999999999961e+02
1.528919999999999959e+02
1.526939999999999884e+02
1.524660000000000082e+02
1.523160000000000025e+02
1.522860000000000014e+02
1.523700000000000045e+02
1.524420000000000073e+02
1.523880000000000052e+02
1.524300000000000068e+02
1.526459999999999866e+02
1.528259999999999934e+02
1.529099999999999966e+02
1.527419999999999902e+02
1.523640000000000043e+02
1.521779999999999973e+02
1.523040000000000020e+02
1.526519999999999868e+02
1.526939999999999884e+02
1.527479999999999905e+02
1.528559999999999945e+02
1.529219999999999970e+02
1.530420000000000016e+02
1.530900000000000034e+02
1.529219999999999970e+02
1.528319999999999936e+02
1.526160000000000139e+02
1.524420000000000073e+02
1.521359999999999957e+02
1.520399999999999920e+02
1.521419999999999959e+02
1.523220000000000027e+02
1.525380000000000109e+02
1.525980000000000132e+02
1.526279999999999859e+02
1.525680000000000121e+02
1.524120000000000061e+02
1.522319999999999993e+02
1.521239999999999952e+02
1.523580000000000041e+02
1.527299999999999898e+02
1.528799999999999955e+02
1.527179999999999893e+02
1.525860000000000127e+02
1.525440000000000111e+02
