3.588219999999999291e-07
5.841290599999999023e-07
7.283722999999999821e-07
9.405680199999999753e-07
1.142034999999999942e-06
1.312501999999999771e-06
1.518732800000000358e-06
1.667745600000000174e-06
1.894245800000000340e-06
2.123132600000000147e-06
2.322215200000000056e-06
2.564204000000000056e-06
2.696526399999999984e-06
2.954022599999999827e-06
3.120916000000000072e-06
3.296150200000000499e-06
3.501190199999999640e-06
3.671658799999999131e-06
3.873138000000000016e-06
4.094867199999998293e-06
4.303482800000000674e-06
4.537133200000001150e-06
4.696877799999998963e-06
4.915025999999999823e-06
5.108146999999999663e-06
5.316763199999998291e-06
5.548029399999999997e-06
5.722080000000000109e-06
5.908040199999999305e-06
6.092813800000001279e-06
6.285936000000001238e-06
6.520780000000001458e-06
6.713894400000001074e-06
6.908208999999998117e-06
7.087019999999999784e-06
7.311135799999999607e-06
7.509018800000000877e-06
7.696211799999997172e-06
7.879794600000000242e-06
8.103906000000000198e-06
8.279140599999999111e-06
8.500871400000000651e-06
8.659420800000001387e-06
8.887110000000002398e-06
9.089765000000001562e-06
9.290035599999996147e-06
9.483159799999998278e-06
9.666739799999999661e-06
9.889661199999999380e-06
1.006128000000000000e-05
1.027474800000000309e-05
1.049646000000000080e-05
1.067287599999999841e-05
1.086240400000000219e-05
1.106504399999999861e-05
1.127602800000000005e-05
1.148234199999999836e-05
1.168021600000000255e-05
1.183636799999999984e-05
1.205808000000000094e-05
1.226191199999999808e-05
1.247885599999999971e-05
1.264096800000000057e-05
1.285443600000000027e-05
1.305230799999999721e-05
1.324779599999999611e-05
1.348858000000000020e-05
1.362208400000000251e-05
1.386882800000000002e-05
1.405007200000000299e-05
1.424917599999999667e-05
1.445420000000000130e-05
1.464491999999999903e-05
1.482014400000000100e-05
1.500609599999999925e-05
1.521952200000000075e-05
1.540432399999999987e-05
1.561650000000000202e-05
1.583828400000000003e-05
1.600638400000000270e-05
1.619829600000000284e-05
1.644146399999999651e-05
1.661549600000000284e-05
1.678714399999999758e-05
1.701481600000000227e-05
1.717938599999999856e-05
1.747979600000000065e-05
1.761925999999999976e-05
1.780044400000000362e-05
1.803645999999999976e-05
1.819022800000000070e-05
1.841799999999999883e-05
1.855746400000000132e-05
1.876964000000000009e-05
1.898896800000000315e-05
1.919399199999999761e-05
1.938113599999999827e-05
1.962072799999999996e-05
