5.960510000000000213e-08
5.960499999999999937e-07
7.152589999999999860e-07
1.132499999999999957e-06
1.430520000000000027e-06
1.549729999999999941e-06
1.788149999999999981e-06
2.086179999999999904e-06
1.966969999999999990e-06
2.205389999999999818e-06
2.384199999999999975e-06
2.741830000000000141e-06
2.980249999999999969e-06
3.099459999999999883e-06
3.457080000000000196e-06
3.576290000000000110e-06
3.993540000000000223e-06
4.231960000000000051e-06
4.529980000000000122e-06
4.947209999999999683e-06
5.185630000000000358e-06
5.424050000000000186e-06
5.722080000000000109e-06
6.020100000000000180e-06
6.198909999999999913e-06
6.437329999999999741e-06
6.794959999999999907e-06
6.794959999999999907e-06
6.973769999999999640e-06
7.212190000000000315e-06
7.450610000000000143e-06
7.629450000000000280e-06
7.927480000000000204e-06
8.165890000000000179e-06
8.285099999999999670e-06
8.583129999999999593e-06
8.702340000000000777e-06
9.059960000000000243e-06
9.417590000000000409e-06
9.775220000000000575e-06
1.007320000000000039e-05
1.031169999999999988e-05
1.055009999999999916e-05
1.084810000000000037e-05
1.102689999999999941e-05
1.114609999999999989e-05
1.126530000000000038e-05
1.138449999999999917e-05
1.168260000000000060e-05
1.221899999999999939e-05
1.245740000000000036e-05
1.269579999999999964e-05
1.311309999999999986e-05
1.341109999999999938e-05
1.358990000000000011e-05
1.364950000000000035e-05
1.382829999999999938e-05
1.394749999999999987e-05
1.418599999999999936e-05
1.454360000000000082e-05
1.484160000000000034e-05
1.531849999999999911e-05
1.555690000000000008e-05
1.567610000000000056e-05
1.585499999999999982e-05
1.609340000000000079e-05
1.621260000000000127e-05
1.639140000000000031e-05
1.657019999999999934e-05
1.698739999999999934e-05
1.746430000000000150e-05
1.782189999999999957e-05
1.788150000000000151e-05
1.829870000000000151e-05
1.835830000000000006e-05
1.853719999999999931e-05
1.871599999999999834e-05
1.895439999999999931e-05
1.901400000000000125e-05
1.943120000000000125e-05
1.978889999999999954e-05
2.008689999999999906e-05
2.038489999999999858e-05
2.074250000000000003e-05
2.104059999999999977e-05
2.121939999999999880e-05
2.139820000000000123e-05
2.145779999999999977e-05
2.169620000000000074e-05
2.187499999999999978e-05
2.211340000000000075e-05
2.235189999999999855e-05
2.259029999999999952e-05
2.294790000000000097e-05
2.336510000000000098e-05
2.378240000000000120e-05
2.402079999999999878e-05
2.402079999999999878e-05
