2.525991487713289989e-08
3.153979727861926690e-08
4.506358015970328194e-08
2.469280790796378868e-08
3.446709423493658242e-08
8.344000000000005101e-09
2.978114645476222601e-08
4.040857721622977227e-08
2.742059999999995968e-08
3.554218337750235870e-08
2.051017544927395069e-08
4.040888402319467127e-08
2.545842538414350221e-08
3.982499721581911456e-08
2.860800000000011628e-08
3.998140230106990849e-08
3.919552522878081296e-08
4.129486256860525923e-08
8.344000000000034879e-09
2.980432002512387353e-08
3.371881119138106761e-08
1.937095717201401634e-08
2.665786580279829555e-08
2.970448693379473245e-08
2.731673371763180657e-08
3.769839749591495577e-08
2.622692733890107884e-08
0.000000000000000000e+00
4.067094808287618245e-08
3.432397336498188279e-08
2.970448693379515266e-08
2.919791773397559964e-08
3.320625411936706055e-08
1.788300000000002851e-08
1.788000000000007474e-08
3.064687064546694671e-08
2.525995270304351744e-08
2.274249763680325653e-08
4.915188176295986568e-08
4.610436578026009031e-08
2.731359144528620067e-08
3.933777578918274334e-08
2.676482361907177908e-08
1.788000000000007143e-08
2.980499999999963062e-08
2.668223290206399770e-08
2.148969580892203114e-08
2.290141414760268820e-08
1.617178761176368550e-08
2.384000000000009635e-08
3.128858092020166651e-08
3.816262045509931498e-08
4.026420027766617483e-08
3.277458137032429622e-08
2.860800000000011628e-08
2.289757227305996022e-08
4.880327075104720381e-08
5.051605431939454941e-08
5.602399999999972134e-08
4.338945494011206582e-08
2.676033363020733882e-08
3.320527765280707898e-08
4.891559031638092187e-08
3.288278431033492669e-08
1.880944273496699944e-08
2.614260094175798785e-08
3.998089543769640280e-08
3.617479431869669418e-08
2.780197863462250434e-08
3.964932806492463059e-08
2.503200000000010464e-08
2.980000000000012457e-08
5.363999999999989666e-08
2.860800000000011628e-08
2.545415455284202677e-08
5.006702423751615997e-08
2.958466197204148192e-08
3.388131789017201356e-21
2.680523351884796617e-08
3.617479431869615817e-08
3.053009636408048298e-08
3.233814935954106705e-08
5.271821301979038322e-08
2.860800000000093022e-08
2.970448693379599639e-08
5.372816769628408493e-08
3.331208165215702019e-08
5.716631175788763345e-08
2.860799999999930233e-08
3.576000000000061932e-08
2.843363529343336674e-08
0.000000000000000000e+00
3.288278431033552888e-08
2.148908560176586737e-08
3.173944826237615255e-08
5.262379629027153693e-08
4.671666837436108780e-08
3.710548768039560642e-08
