1.718919600000000116e+02
4.968183517784342484e+01
-7.529027999999999565e+01
1.592173442054652526e+02
-8.442239999999999611e+01
1.565162823212971546e+02
-1.061675999999999789e+02
1.427901169117807001e+02
-9.164123999999998205e+01
1.526511038942804248e+02
1.510223999999999656e+01
1.785476840388090807e+02
-1.781798400000000413e+02
6.190403980355494440e-01
-1.777586400000000424e+02
1.159078353865689248e+00
-1.772444399999999973e+02
5.405328171350985977e-01
-1.785533999999999537e+02
5.995717471662561637e-01
-1.780234799999999780e+02
7.709652972734919452e-01
-1.571497199999999737e+02
8.518071062113534708e+01
-1.784238000000000568e+02
4.799298698768380556e-01
-9.306275999999998305e+01
1.534481187085146416e+02
-1.782014399999999910e+02
5.517045644183189435e-01
-1.781396399999999858e+02
3.782920966660573980e-01
-1.777099200000000110e+02
3.091052791525841226e-01
-1.788270000000000550e+02
4.666738904202801796e-01
-1.783591200000000470e+02
3.049186540702228387e-01
-1.787679599999999596e+02
6.162378099402925358e-01
-1.785092400000000339e+02
3.680425823189513168e-01
-1.783036799999999573e+02
2.409372897664457391e-01
-1.780070399999999893e+02
3.369444440853712752e-01
-1.787884799999999927e+02
2.058055626070422750e-01
-1.785860399999999970e+02
3.862557681122729125e-01
-1.785259200000000419e+02
2.668035861827936506e-01
-1.783250399999999729e+02
2.150725421805400051e-01
-1.786329600000000539e+02
4.454915918398444918e-01
-1.785841200000000129e+02
4.386512801759473446e-01
-1.784564400000000433e+02
2.384343230325783602e-01
-1.780897199999999430e+02
1.783964170043721986e-01
-1.783179600000000278e+02
2.408642738141138218e-01
-1.782987600000000157e+02
2.269339604378300401e-01
-1.783119599999999707e+02
1.894085489094894381e-01
-1.783115999999999985e+02
1.212475154384560772e-01
-1.779955199999999991e+02
2.372962907421830026e-01
-1.780051200000000335e+02
2.069025509750867797e-01
-1.783479600000000289e+02
2.088710568748112506e-01
-1.783569600000000435e+02
2.109965838586001508e-01
-1.782140399999999829e+02
1.258433883841288403e-01
-1.784485200000000020e+02
1.750852638002476924e-01
-1.784174399999999991e+02
1.451234178208382630e-01
-1.782885599999999897e+02
1.569321076134501391e-01
-1.784172000000000082e+02
2.022631948724254169e-01
-1.782638399999999876e+02
1.740569286181912478e-01
-1.783873199999999599e+02
2.342008061472081737e-01
-1.784383199999999476e+02
2.073849984931486201e-01
-1.782880799999999795e+02
2.100734957104287981e-01
-1.783712400000000002e+02
2.783203592984169750e-01
-1.783804800000000341e+02
9.507938577841509864e-02
-1.782700800000000072e+02
1.784188151513202980e-01
-1.781353200000000356e+02
9.081463318209438695e-02
-1.783946400000000096e+02
1.543629178267921509e-01
-1.784582400000000177e+02
1.438046675181357537e-01
-1.782237599999999702e+02
1.065567567073913008e-01
-1.780970399999999927e+02
9.927677674057693025e-02
-1.781101200000000233e+02
1.052071556501655986e-01
-1.783567200000000241e+02
8.990907406930966073e-02
-1.782003599999999608e+02
1.767360472569139418e-01
-1.785158400000000256e+02
1.638461912892760219e-01
-1.782779999999999916e+02
7.499759996160161590e-02
-1.783933199999999886e+02
1.264750473413677467e-01
-1.781463600000000156e+02
9.337210718409608146e-02
-1.783312800000000493e+02
1.437129138247502658e-01
-1.782648000000000081e+02
1.297832038439447611e-01
-1.782786000000000115e+02
8.918228523647246664e-02
-1.782675599999999747e+02
6.206227839839825733e-02
-1.783953600000000108e+02
9.486195443907258218e-02
-1.783641599999999983e+02
9.290325290322537510e-02
-1.783711200000000190e+02
9.607676930455509579e-02
-1.782633599999999490e+02
1.867963340111331583e-01
-1.782735600000000034e+02
1.302196851478350237e-01
-1.782430800000000488e+02
1.074833642942044087e-01
-1.783772399999999720e+02
8.533687596813321896e-02
-1.782175200000000359e+02
1.246605374607296368e-01
-1.782520799999999781e+02
1.807442214843897610e-01
-1.781943600000000174e+02
8.346179005987937327e-02
-1.783233600000000365e+02
9.292185103623719356e-02
-1.782848399999999742e+02
7.408977257354870671e-02
-1.783761599999999419e+02
9.209372617068246891e-02
-1.782784800000000587e+02
5.876129338263633151e-02
-1.782904800000000307e+02
1.555138887688172489e-01
-1.783186799999999721e+02
1.142667825748191202e-01
-1.783532399999999711e+02
7.903810726479014448e-02
-1.783201199999999744e+02
6.584151881602010037e-02
-1.782764399999999796e+02
5.793415572872581687e-02
-1.783048799999999687e+02
1.286534321345542131e-01
-1.783063199999999711e+02
7.325938574681339910e-02
-1.783651199999999903e+02
5.478417289692551206e-02
-1.782685199999999952e+02
1.040552237996674734e-01
-1.784899199999999553e+02
8.360857372303710788e-02
-1.783813199999999881e+02
9.018612753633797885e-02
-1.781695200000000341e+02
6.492033271633367020e-02
-1.781872799999999870e+02
7.948711593710523771e-02
-1.783126800000000287e+02
8.258485091105097209e-02
-1.782915600000000325e+02
9.650723496194413276e-02
-1.783314000000000021e+02
8.232253640407657946e-02
-1.783209600000000137e+02
9.358738376512436286e-02
