-1.780500000000000114e+02
-1.782419999999999902e+02
-1.783139999999999930e+02
-1.781519999999999868e+02
-1.782059999999999889e+02
-1.782479999999999905e+02
-1.782719999999999914e+02
-1.781939999999999884e+02
-1.782239999999999895e+02
-1.782059999999999889e+02
-1.781279999999999859e+02
-1.781519999999999868e+02
-1.781459999999999866e+02
-1.781879999999999882e+02
-1.781339999999999861e+02
-1.781999999999999886e+02
-1.781939999999999884e+02
-1.781639999999999873e+02
-1.781759999999999877e+02
-1.781699999999999875e+02
-1.781999999999999886e+02
-1.781579999999999870e+02
-1.781879999999999882e+02
-1.781639999999999873e+02
-1.781759999999999877e+02
-1.781699999999999875e+02
-1.781819999999999879e+02
-1.781819999999999879e+02
-1.781879999999999882e+02
-1.781939999999999884e+02
-1.781819999999999879e+02
-1.781999999999999886e+02
-1.781939999999999884e+02
-1.781819999999999879e+02
-1.782059999999999889e+02
-1.781939999999999884e+02
-1.781999999999999886e+02
-1.781759999999999877e+02
-1.781639999999999873e+02
-1.781999999999999886e+02
-1.781759999999999877e+02
-1.781939999999999884e+02
-1.781999999999999886e+02
-1.781879999999999882e+02
-1.781759999999999877e+02
-1.781819999999999879e+02
-1.781939999999999884e+02
-1.781819999999999879e+02
-1.781879999999999882e+02
-1.781879999999999882e+02
-1.781699999999999875e+02
-1.781699999999999875e+02
-1.781759999999999877e+02
-1.781819999999999879e+02
-1.781699999999999875e+02
-1.781759999999999877e+02
-1.781939999999999884e+02
-1.781999999999999886e+02
-1.781759999999999877e+02
-1.781759999999999877e+02
-1.781939999999999884e+02
-1.781939999999999884e+02
-1.781819999999999879e+02
-1.781819999999999879e+02
-1.781939999999999884e+02
-1.781879999999999882e+02
-1.781759999999999877e+02
-1.781879999999999882e+02
-1.781879999999999882e+02
-1.781879999999999882e+02
-1.781819999999999879e+02
-1.781939999999999884e+02
-1.781939999999999884e+02
-1.781879999999999882e+02
-1.781939999999999884e+02
-1.781879999999999882e+02
-1.781819999999999879e+02
-1.781819999999999879e+02
-1.781879999999999882e+02
-1.781819999999999879e+02
-1.781999999999999886e+02
-1.781879999999999882e+02
-1.781879999999999882e+02
-1.781939999999999884e+02
-1.781879999999999882e+02
-1.781999999999999886e+02
-1.781939999999999884e+02
-1.781939999999999884e+02
-1.781939999999999884e+02
-1.781939999999999884e+02
-1.781879999999999882e+02
-1.781939999999999884e+02
-1.781999999999999886e+02
-1.781999999999999886e+02
-1.781939999999999884e+02
-1.781879999999999882e+02
-1.781939999999999884e+02
-1.781939999999999884e+02
