-1.781699999999999875e+02
-1.790819999999999936e+02
-1.787040000000000077e+02
-1.788420000000000130e+02
-1.785960000000000036e+02
-1.779180000000000064e+02
-1.784279999999999973e+02
-1.783799999999999955e+02
-1.782179999999999893e+02
-1.781939999999999884e+02
-1.782839999999999918e+02
-1.782779999999999916e+02
-1.783799999999999955e+02
-1.783199999999999932e+02
-1.779600000000000080e+02
-1.779960000000000093e+02
-1.779480000000000075e+02
-1.780020000000000095e+02
-1.781399999999999864e+02
-1.781639999999999873e+02
-1.783679999999999950e+02
-1.782479999999999905e+02
-1.783199999999999932e+02
-1.781939999999999884e+02
-1.782239999999999895e+02
-1.782299999999999898e+02
-1.780440000000000111e+02
-1.781759999999999877e+02
-1.781939999999999884e+02
-1.782719999999999914e+02
-1.782239999999999895e+02
-1.781100000000000136e+02
-1.782599999999999909e+02
-1.780680000000000121e+02
-1.781220000000000141e+02
-1.782419999999999902e+02
-1.780980000000000132e+02
-1.781519999999999868e+02
-1.782359999999999900e+02
-1.782659999999999911e+02
-1.782659999999999911e+02
-1.781879999999999882e+02
-1.782479999999999905e+02
-1.782239999999999895e+02
-1.781879999999999882e+02
-1.783019999999999925e+02
-1.782659999999999911e+02
-1.782119999999999891e+02
-1.782119999999999891e+02
-1.782599999999999909e+02
-1.781879999999999882e+02
-1.782059999999999889e+02
-1.782119999999999891e+02
-1.781999999999999886e+02
-1.781879999999999882e+02
-1.781459999999999866e+02
-1.782059999999999889e+02
-1.782179999999999893e+02
-1.782239999999999895e+02
-1.781819999999999879e+02
-1.782239999999999895e+02
-1.781759999999999877e+02
-1.781819999999999879e+02
-1.781699999999999875e+02
-1.782119999999999891e+02
-1.781639999999999873e+02
-1.781819999999999879e+02
-1.782299999999999898e+02
-1.781999999999999886e+02
-1.782119999999999891e+02
-1.781939999999999884e+02
-1.781939999999999884e+02
-1.782119999999999891e+02
-1.781699999999999875e+02
-1.781579999999999870e+02
-1.781639999999999873e+02
-1.782179999999999893e+02
-1.781819999999999879e+02
-1.781999999999999886e+02
-1.781819999999999879e+02
-1.782179999999999893e+02
-1.782419999999999902e+02
-1.782419999999999902e+02
-1.781999999999999886e+02
-1.781399999999999864e+02
-1.781519999999999868e+02
-1.781639999999999873e+02
-1.781939999999999884e+02
-1.781939999999999884e+02
-1.781879999999999882e+02
-1.782179999999999893e+02
-1.782119999999999891e+02
-1.781759999999999877e+02
-1.781939999999999884e+02
-1.781759999999999877e+02
-1.781879999999999882e+02
-1.782059999999999889e+02
-1.781639999999999873e+02
-1.781819999999999879e+02
-1.782119999999999891e+02
