-1.782359999999999900e+02
-1.779420000000000073e+02
-1.780260000000000105e+02
-1.782119999999999891e+02
-1.782839999999999918e+02
-1.781699999999999875e+02
-1.781339999999999861e+02
-1.781759999999999877e+02
-1.781519999999999868e+02
-1.781639999999999873e+02
-1.781999999999999886e+02
-1.782119999999999891e+02
-1.781040000000000134e+02
-1.781160000000000139e+02
-1.781879999999999882e+02
-1.782179999999999893e+02
-1.782299999999999898e+02
-1.781939999999999884e+02
-1.781879999999999882e+02
-1.781819999999999879e+02
-1.782119999999999891e+02
-1.781879999999999882e+02
-1.781699999999999875e+02
-1.781879999999999882e+02
-1.781519999999999868e+02
-1.781519999999999868e+02
-1.781579999999999870e+02
-1.781639999999999873e+02
-1.781819999999999879e+02
-1.781759999999999877e+02
-1.781819999999999879e+02
-1.781639999999999873e+02
-1.781699999999999875e+02
-1.781579999999999870e+02
-1.781999999999999886e+02
-1.781699999999999875e+02
-1.781699999999999875e+02
-1.781819999999999879e+02
-1.781699999999999875e+02
-1.781939999999999884e+02
-1.781699999999999875e+02
-1.781699999999999875e+02
-1.781819999999999879e+02
-1.781819999999999879e+02
-1.781699999999999875e+02
-1.781759999999999877e+02
-1.781759999999999877e+02
-1.781699999999999875e+02
-1.781819999999999879e+02
-1.781699999999999875e+02
-1.781579999999999870e+02
-1.781579999999999870e+02
-1.781759999999999877e+02
-1.781759999999999877e+02
-1.781699999999999875e+02
-1.781819999999999879e+02
-1.781819999999999879e+02
-1.781699999999999875e+02
-1.781819999999999879e+02
-1.781699999999999875e+02
-1.781819999999999879e+02
-1.781879999999999882e+02
-1.781759999999999877e+02
-1.781819999999999879e+02
-1.781819999999999879e+02
-1.781819999999999879e+02
-1.781819999999999879e+02
-1.781879999999999882e+02
-1.781879999999999882e+02
-1.781819999999999879e+02
-1.781879999999999882e+02
-1.781759999999999877e+02
-1.781879999999999882e+02
-1.781879999999999882e+02
-1.781819999999999879e+02
-1.781879999999999882e+02
-1.781879999999999882e+02
-1.781939999999999884e+02
-1.781879999999999882e+02
-1.781939999999999884e+02
-1.781939999999999884e+02
-1.781819999999999879e+02
-1.781759999999999877e+02
-1.781819999999999879e+02
-1.781879999999999882e+02
-1.781819999999999879e+02
-1.781879999999999882e+02
-1.781819999999999879e+02
-1.781879999999999882e+02
-1.781879999999999882e+02
-1.781879999999999882e+02
-1.781759999999999877e+02
-1.781999999999999886e+02
-1.781819999999999879e+02
-1.781819999999999879e+02
-1.781879999999999882e+02
-1.781879999999999882e+02
-1.781879999999999882e+02
