-3.287579999999999955e-06
-1.766729999999999939e-06
-2.671050000000000032e-06
-3.703880000000000103e-06
-4.617529999999999817e-06
-5.581449999999999729e-06
-6.555610000000000242e-06
-7.475760000000000232e-06
-8.536559999999999461e-06
-9.521899999999999415e-06
-1.046909999999999943e-05
-1.148139999999999988e-05
-1.249280000000000006e-05
-1.344090000000000035e-05
-1.438059999999999916e-05
-1.535109999999999944e-05
-1.636350000000000012e-05
-1.730129999999999984e-05
-1.837140000000000168e-05
-1.927379999999999832e-05
-2.030669999999999990e-05
-2.123710000000000035e-05
-2.184430000000000022e-05
-2.184430000000000022e-05
-2.184430000000000022e-05
-2.184430000000000022e-05
-2.184430000000000022e-05
-2.184430000000000022e-05
-2.184430000000000022e-05
-2.184430000000000022e-05
-2.184430000000000022e-05
-2.184430000000000022e-05
-2.184430000000000022e-05
-2.184430000000000022e-05
-2.184430000000000022e-05
-2.184430000000000022e-05
-2.184430000000000022e-05
-2.184430000000000022e-05
-2.184430000000000022e-05
-2.184430000000000022e-05
-2.184430000000000022e-05
-2.184430000000000022e-05
-2.184430000000000022e-05
-2.184430000000000022e-05
-2.184430000000000022e-05
-2.184430000000000022e-05
-2.184430000000000022e-05
-2.184430000000000022e-05
-2.184430000000000022e-05
-2.184430000000000022e-05
-2.184430000000000022e-05
-2.184430000000000022e-05
-2.184430000000000022e-05
-2.184430000000000022e-05
-2.184430000000000022e-05
-2.184430000000000022e-05
-2.184430000000000022e-05
-2.184430000000000022e-05
-2.184430000000000022e-05
-2.184430000000000022e-05
-2.184430000000000022e-05
-2.184430000000000022e-05
-2.184430000000000022e-05
-2.184430000000000022e-05
-2.184430000000000022e-05
-2.184430000000000022e-05
-2.184430000000000022e-05
-2.184430000000000022e-05
-2.184430000000000022e-05
-2.184430000000000022e-05
-2.184430000000000022e-05
-2.184430000000000022e-05
-2.184430000000000022e-05
-2.184430000000000022e-05
-2.184430000000000022e-05
-2.184430000000000022e-05
-2.184430000000000022e-05
-2.184430000000000022e-05
-2.184430000000000022e-05
-2.184430000000000022e-05
-2.184430000000000022e-05
-2.184430000000000022e-05
-2.184430000000000022e-05
-2.184430000000000022e-05
-2.184430000000000022e-05
-2.184430000000000022e-05
-2.184430000000000022e-05
-2.184430000000000022e-05
-2.184430000000000022e-05
-2.184430000000000022e-05
-2.184430000000000022e-05
-2.184430000000000022e-05
-2.184430000000000022e-05
-2.184430000000000022e-05
-2.184430000000000022e-05
-2.184430000000000022e-05
-2.184430000000000022e-05
-2.184430000000000022e-05
-2.184430000000000022e-05
-2.184430000000000022e-05
