-7.823160000000000021e-08
-8.195679999999999971e-08
-6.891829999999999847e-08
-3.445920000000000194e-08
-1.750899999999999883e-07
-1.844029999999999870e-07
-1.601880000000000048e-07
-2.142050000000000047e-07
-2.374879999999999889e-07
-2.915059999999999899e-07
-3.809130000000000175e-07
-3.371409999999999879e-07
-3.809130000000000175e-07
-3.902260000000000163e-07
-4.647320000000000086e-07
-4.535559999999999885e-07
-5.466900000000000335e-07
-5.355139999999999604e-07
-5.811490000000000114e-07
-6.053629999999999925e-07
-6.109509999999999761e-07
-7.068769999999999577e-07
-6.975639999999999590e-07
-7.469240000000000251e-07
-7.459929999999999488e-07
-8.149110000000000104e-07
-8.298119999999999928e-07
-8.353999999999999764e-07
-9.341200000000000027e-07
-9.220129999999999593e-07
-9.359829999999999712e-07
-9.806899999999999228e-07
-9.788269999999999543e-07
-1.028190000000000103e-06
-1.100830000000000097e-06
-1.121320000000000091e-06
-1.142739999999999921e-06
-1.166949999999999898e-06
-1.147400000000000017e-06
-1.235869999999999909e-06
-1.238669999999999907e-06
-1.294549999999999955e-06
-1.283370000000000089e-06
-1.325279999999999913e-06
-1.344840000000000070e-06
-1.442629999999999942e-06
-1.428659999999999930e-06
-1.528309999999999899e-06
-1.454730000000000004e-06
-1.518060000000000082e-06
-1.588839999999999979e-06
-1.604679999999999940e-06
-1.648450000000000074e-06
-1.700600000000000074e-06
-1.675460000000000049e-06
-1.723890000000000066e-06
-1.813290000000000006e-06
-1.842160000000000079e-06
-1.845889999999999915e-06
-1.836579999999999999e-06
-1.921330000000000119e-06
-1.949270000000000143e-06
-1.987460000000000196e-06
-1.961379999999999846e-06
-1.996770000000000112e-06
-2.016330000000000056e-06
-2.086179999999999904e-06
-2.145780000000000147e-06
-2.140190000000000002e-06
-2.170929999999999813e-06
-2.213769999999999897e-06
-2.196999999999999887e-06
-2.231459999999999892e-06
-2.277100000000000187e-06
-2.324600000000000156e-06
-2.328319999999999927e-06
-2.406549999999999854e-06
-2.386989999999999909e-06
-2.461500000000000065e-06
-2.515520000000000015e-06
-2.459639999999999968e-06
-2.468949999999999883e-06
-2.670120000000000195e-06
-2.710160000000000069e-06
-2.573260000000000160e-06
-2.663599999999999790e-06
-2.726930000000000080e-06
-2.724129999999999870e-06
-2.767910000000000067e-06
-2.785600000000000062e-06
-2.780940000000000178e-06
-2.848929999999999928e-06
-2.860109999999999794e-06
-2.939269999999999982e-06
-2.988630000000000048e-06
-3.009119999999999829e-06
-2.993289999999999932e-06
-3.020289999999999843e-06
-3.081760000000000035e-06
-3.125529999999999957e-06
