-8.940730000000000413e-07
-7.450629999999999530e-08
-1.266609999999999984e-07
-1.639139999999999946e-07
-1.639139999999999946e-07
-1.341110000000000023e-07
-2.160679999999999996e-07
-1.937160000000000122e-07
-2.756730000000000095e-07
-2.980249999999999969e-07
-2.756730000000000095e-07
-3.948829999999999765e-07
-3.427290000000000245e-07
-4.842910000000000317e-07
-4.470369999999999815e-07
-5.066429999999999661e-07
-5.066429999999999661e-07
-5.736979999999999535e-07
-5.736979999999999535e-07
-6.258519999999999584e-07
-5.736979999999999535e-07
-6.407539999999999684e-07
-6.631049999999999811e-07
-7.227100000000000440e-07
-7.078089999999999557e-07
-8.195680000000000236e-07
-9.164249999999999757e-07
-8.344690000000000060e-07
-9.313259999999999580e-07
-9.313259999999999580e-07
-9.760329999999999096e-07
-9.909339999999999978e-07
-9.685830000000000911e-07
-1.057990000000000013e-06
-9.909339999999999978e-07
-1.057990000000000013e-06
-1.147400000000000017e-06
-1.192099999999999987e-06
-1.192099999999999987e-06
-1.236799999999999958e-06
-1.259159999999999901e-06
-1.259159999999999901e-06
-1.244249999999999988e-06
-1.281509999999999992e-06
-1.370909999999999932e-06
-1.423069999999999997e-06
-1.482670000000000028e-06
-1.445420000000000088e-06
-1.519930000000000032e-06
-1.497570000000000088e-06
-1.579530000000000063e-06
-1.631680000000000063e-06
-1.654040000000000007e-06
-1.646589999999999976e-06
-1.713640000000000037e-06
-1.698739999999999977e-06
-1.788149999999999981e-06
-1.750889999999999977e-06
-1.862650000000000073e-06
-1.855200000000000042e-06
-1.884999999999999952e-06
-1.966969999999999990e-06
-1.966969999999999990e-06
-2.026569999999999809e-06
-2.071279999999999844e-06
-2.108530000000000207e-06
-2.071279999999999844e-06
-2.115980000000000026e-06
-2.108530000000000207e-06
-2.197940000000000000e-06
-2.235189999999999940e-06
-2.250090000000000000e-06
-2.168130000000000026e-06
-2.317149999999999914e-06
-2.302240000000000001e-06
-2.376750000000000156e-06
-2.376750000000000156e-06
-2.384199999999999975e-06
-2.414000000000000096e-06
-2.473610000000000191e-06
-2.503409999999999889e-06
-2.510860000000000131e-06
-2.577920000000000045e-06
-2.659870000000000166e-06
-2.674769999999999803e-06
-2.719479999999999838e-06
-2.704580000000000201e-06
-2.764180000000000020e-06
-2.779080000000000080e-06
-2.793980000000000141e-06
-2.890840000000000176e-06
-2.801429999999999960e-06
-2.853589999999999813e-06
-2.942990000000000176e-06
-2.950439999999999995e-06
-2.972800000000000150e-06
-2.980249999999999969e-06
-3.106910000000000125e-06
-3.106910000000000125e-06
-3.099459999999999883e-06
