1.554001179999999990e-05
1.516445060000000146e-05
1.331625160000000219e-05
1.254347250000000088e-05
1.028404099999999893e-05
1.066408080000000160e-05
9.795566799999999707e-06
6.622861399999999467e-06
8.215577799999999680e-06
1.030353539999999766e-05
9.431309799999999783e-06
1.014007199999999977e-05
1.016225659999999852e-05
1.015331719999999955e-05
9.924139600000000063e-06
1.007101079999999917e-05
9.299365999999999760e-06
1.030156540000000046e-05
1.002313800000000127e-05
9.950566800000000764e-06
1.001894599999999906e-05
9.917524399999999910e-06
9.967252400000000393e-06
9.917489799999998912e-06
9.910310199999999527e-06
9.885225199999999750e-06
9.911564000000001653e-06
9.892284199999997881e-06
9.824153600000000983e-06
9.884740199999999703e-06
9.840824800000000892e-06
9.843597999999999601e-06
9.820593600000000970e-06
9.851811800000000725e-06
9.833296599999999889e-06
9.828249399999998973e-06
9.792635400000000571e-06
9.786786799999998751e-06
9.811002000000000226e-06
9.793641200000000933e-06
9.819923599999999840e-06
9.797664600000000566e-06
9.798092999999999432e-06
9.815061000000000250e-06
9.822586999999999202e-06
9.851735999999999352e-06
9.831230200000000278e-06
9.854456399999999652e-06
9.815229199999997989e-06
9.785165999999997718e-06
9.821358200000000519e-06
9.903108400000000080e-06
9.831227400000000285e-06
9.805864000000000277e-06
9.759332599999998712e-06
9.455403199999999039e-06
8.528924199999999469e-06
3.616359199999999604e-06
6.456608800000000733e-06
9.101873799999997335e-06
9.623674399999999327e-06
9.768365399999998514e-06
9.842629400000000350e-06
9.894707800000000661e-06
9.879471600000001188e-06
9.958395000000000731e-06
9.927397600000000634e-06
9.911472799999999475e-06
9.943807999999999781e-06
9.912048800000000128e-06
9.918437399999999066e-06
9.903556399999998894e-06
9.938201399999996595e-06
9.890982999999997454e-06
9.907002000000000663e-06
9.903611800000000805e-06
9.888430799999999975e-06
9.866191000000000894e-06
9.871388000000000566e-06
9.851904600000000237e-06
9.813832599999999630e-06
9.852296400000001015e-06
9.831657799999999630e-06
9.863676600000000774e-06
9.832738400000001972e-06
9.798260600000002619e-06
9.812956400000001828e-06
9.790754200000000227e-06
9.800663800000000855e-06
9.771177199999999177e-06
9.834936400000001235e-06
9.794051000000000937e-06
9.811261799999999902e-06
9.772593199999999301e-06
9.820966599999999619e-06
9.811782999999999974e-06
9.780527999999998864e-06
9.819028800000001483e-06
9.812659399999999348e-06
9.802134799999999743e-06
