1.554001179999999990e-05
1.516445060000000146e-05
1.331625160000000219e-05
1.254347250000000088e-05
1.028404099999999893e-05
1.066408080000000160e-05
9.795566799999999707e-06
6.622861399999999467e-06
8.215577799999999680e-06
1.030353539999999766e-05
9.431309799999999783e-06
1.014007199999999977e-05
1.016225659999999852e-05
1.015331719999999955e-05
9.924139600000000063e-06
1.007101079999999917e-05
9.299365999999999760e-06
1.030156540000000046e-05
1.002313800000000127e-05
9.950566800000000764e-06
1.001894599999999906e-05
9.917524399999999910e-06
9.967252400000000393e-06
9.917489799999998912e-06
9.910310199999999527e-06
9.885225199999999750e-06
9.911564000000001653e-06
9.892284199999997881e-06
9.824153600000000983e-06
9.884740199999999703e-06
9.840824800000000892e-06
9.843597999999999601e-06
9.820593600000000970e-06
9.851811800000000725e-06
9.833296599999999889e-06
9.828249399999998973e-06
9.792635400000000571e-06
9.786786799999998751e-06
9.811002000000000226e-06
9.793641200000000933e-06
9.819923599999999840e-06
9.797664600000000566e-06
9.798092999999999432e-06
9.815061000000000250e-06
9.822586999999999202e-06
9.851735999999999352e-06
9.831230200000000278e-06
9.854456399999999652e-06
9.815229199999997989e-06
9.785165999999997718e-06
9.821358200000000519e-06
9.903108400000000080e-06
9.831227400000000285e-06
9.805864000000000277e-06
9.759332599999998712e-06
9.455403199999999039e-06
8.528924199999999469e-06
3.616359199999999604e-06
6.456608800000000733e-06
9.101873799999997335e-06
9.623674399999999327e-06
9.768365399999998514e-06
9.842629400000000350e-06
9.894707800000000661e-06
9.879471600000001188e-06
9.958395000000000731e-06
9.927397600000000634e-06
9.911472799999999475e-06
9.943807999999999781e-06
9.912048800000000128e-06
9.918437399999999066e-06
9.903556399999998894e-06
9.938201399999996595e-06
9.890982999999997454e-06
9.907002000000000663e-06
9.903611800000000805e-06
9.888430799999999975e-06
9.866191000000000894e-06
9.871388000000000566e-06
9.851904600000000237e-06
9.813832599999999630e-06
9.852296400000001015e-06
9.831657799999999630e-06
9.863676600000000774e-06
9.832738400000001972e-06
9.798260600000002619e-06
9.812956400000001828e-06
9.790754200000000227e-06
9.800663800000000855e-06
9.771177199999999177e-06
9.834936400000001235e-06
9.794051000000000937e-06
9.811261799999999902e-06
9.772593199999999301e-06
9.820966599999999619e-06
9.811782999999999974e-06
9.780527999999998864e-06
9.819028800000001483e-06
9.812659399999999348e-06
9.802134799999999743e-06
9.838773800000000393e-06
1.002859639999999795e-05
9.874163200000001447e-06
9.862763400000000046e-06
9.708964599999999197e-06
9.437988400000000373e-06
8.536523199999999800e-06
3.775431199999999561e-06
6.410732000000000339e-06
8.993262399999999915e-06
9.583161599999999615e-06
9.740276399999999671e-06
9.847620999999999477e-06
9.891076799999999746e-06
9.878167800000000646e-06
9.880812799999999331e-06
9.935090399999998176e-06
9.896142599999997830e-06
9.936058799999999242e-06
9.942112400000000156e-06
9.951240199999999828e-06
9.912422200000000228e-06
9.908119600000000850e-06
9.920282000000001321e-06
9.903108999999999716e-06
9.908193200000001865e-06
9.901805400000000747e-06
9.903481600000000302e-06
9.893850999999999541e-06
9.841567800000000014e-06
9.849762999999998888e-06
9.829907200000001239e-06
9.797217799999999329e-06
9.784886399999999910e-06
9.799732599999999206e-06
9.798781400000001240e-06
9.822754800000002266e-06
9.787401600000001238e-06
9.809008600000000301e-06
9.834657199999999796e-06
9.785911200000002279e-06
9.786171999999997959e-06
9.806419999999999531e-06
9.826069600000000509e-06
9.807760599999999733e-06
9.756779999999999782e-06
9.827150599999999220e-06
9.803811199999999177e-06
9.771903599999999916e-06
9.788315200000000029e-06
9.793976599999998714e-06
1.005588420000000085e-05
9.856636000000001626e-06
9.835420399999998502e-06
9.670650399999998384e-06
9.480381799999999099e-06
8.550642400000000416e-06
3.826562599999999778e-06
6.260937999999999414e-06
8.988624399999999367e-06
9.544122200000000722e-06
9.709393399999999513e-06
9.827784000000000568e-06
9.874797000000000858e-06
9.892957600000000333e-06
9.932259200000000831e-06
9.932762599999999862e-06
9.933735200000000070e-06
9.951018000000001022e-06
9.932575600000001688e-06
9.939225399999999450e-06
9.905977799999999623e-06
9.906964400000001488e-06
9.888301400000000681e-06
9.891114000000000858e-06
9.901526199999999308e-06
9.866154799999999174e-06
9.884109800000001614e-06
9.883345800000000006e-06
9.857585800000000443e-06
9.841753599999998917e-06
9.809622400000000007e-06
9.829944599999998841e-06
9.821134000000001233e-06
9.832496200000000072e-06
9.808039199999999842e-06
9.817185000000000435e-06
9.772015799999999498e-06
9.803159599999998724e-06
9.797645599999998560e-06
9.788555800000001207e-06
9.785091000000000942e-06
9.840896599999999613e-06
9.825865199999997662e-06
9.828453999999998310e-06
9.818861999999999504e-06
9.846205800000000562e-06
9.785464200000001164e-06
9.807853399999997551e-06
9.792300200000000974e-06
