2.728200000000000625e+00
1.282206654746418053e+02
4.798559999999999270e+00
1.249863660686492608e+02
2.423207999999999984e+01
1.256632929264293921e+02
1.183787999999999485e+01
1.341137126706497611e+02
2.346120000000001315e+00
1.369255735578478550e+02
2.909759999999999636e+01
1.446988721592535398e+02
6.690324000000001092e+01
1.273920969755282755e+02
4.852200000000000557e+01
8.002323499084499758e+01
-1.331150399999999934e+02
3.030263286050240268e+01
-1.180640400000000056e+02
8.853147306895102986e+01
-7.142928000000000566e+01
1.470235558104945142e+02
-5.346096000000000714e+01
1.571332400349410250e+02
-5.535815999999999093e+01
1.585679391952055255e+02
-5.722919999999999874e+01
1.602687275362227410e+02
-7.883483999999999980e+01
1.514455303681637304e+02
-9.425687999999999533e+01
1.442715882694357674e+02
-4.006919999999999504e+01
1.704956920140799355e+02
-6.068327999999999633e+01
1.636557855460099233e+02
-6.825863999999999976e+01
1.614419124101000023e+02
-5.477831999999999368e+01
1.672928028904339897e+02
-7.621163999999998850e+01
1.588759891370322634e+02
-7.008780000000000143e+01
1.626862844418053555e+02
-7.742399999999999238e+01
1.596396874474514789e+02
-2.026092000000000226e+01
1.766859633244067140e+02
-8.496492000000002065e+01
1.565814896908111677e+02
-1.703863200000000120e+02
4.993157214005583455e+01
-3.489168000000000092e+01
1.750052374029348812e+02
-2.089619999999999322e+01
1.776921734687265086e+02
-6.390384000000000242e+01
1.670493152995677235e+02
-9.986676000000001352e+01
1.484936239417113768e+02
-6.415152000000000498e+01
1.672638864900896749e+02
-1.071222000000000065e+02
1.433358640353488056e+02
-1.570142400000000009e+02
8.512279077628035395e+01
-1.645455600000000516e+02
7.029314296491799041e+01
-1.716769200000000239e+02
5.023741961241242393e+01
-1.716230400000000031e+02
5.021484510260286527e+01
-1.785672000000000139e+02
5.581715865215634009e-01
-1.786268400000000156e+02
4.668694190027851132e-01
-1.784243999999999915e+02
4.694500612418736618e-01
-1.782068399999999997e+02
4.667722511032549315e-01
-1.780014000000000181e+02
4.545216826511115360e-01
-1.776343199999999740e+02
5.126164039513372295e-01
-1.774106399999999724e+02
4.382139094095480747e-01
-1.773154799999999796e+02
4.334178233529386581e-01
-1.766631599999999764e+02
3.808180857049733303e-01
-1.762539599999999780e+02
4.899493018670423861e-01
-1.758382799999999690e+02
3.916578118715355883e-01
-1.753047599999999875e+02
5.085313583251271918e-01
-1.743589200000000403e+02
4.865399815020339247e-01
-1.740158399999999972e+02
4.480979964248890668e-01
