6.247610328912868898e-06
6.363853614194912280e-06
6.630883126841358990e-06
6.134394291047780939e-06
5.577342650299064752e-06
5.346507058644116415e-06
4.526968078704085609e-06
2.690183024723790001e-06
2.852979301451232053e-06
2.748165424782292678e-06
2.583560831960796279e-06
2.088267667754304126e-06
1.790781108258192525e-06
1.646819201958782148e-06
1.425582729292074414e-06
1.284512144818942742e-06
9.688484713039496294e-07
8.312025915267828730e-07
8.271474803346740027e-07
6.873104882669549287e-07
5.841890227075480527e-07
5.349208600836576568e-07
4.443064052185607799e-07
3.859439835804673602e-07
3.680402886124833745e-07
3.014245747396187180e-07
2.434489086933847528e-07
2.216683984251251062e-07
2.025907683262986075e-07
1.991975220678209168e-07
1.451757227946876874e-07
1.297887768799752032e-07
1.287452751406435714e-07
1.179195237556528524e-07
1.055886508410823631e-07
1.003191237084933859e-07
8.890872954237952373e-08
8.688229579010905899e-08
9.696760131095331932e-08
7.366358673428825369e-08
7.879080313742207676e-08
8.917617049885016636e-08
9.408260645305273379e-08
7.395489753221206897e-08
8.359743487093378522e-08
8.004736977565218762e-08
7.110227854267405072e-08
6.424886784247638885e-08
1.003456644372838852e-07
6.416599816101987769e-08
3.523869751792756147e-08
4.223316014051518279e-07
2.848498933600643309e-07
2.369843721260960735e-07
1.741405891664547479e-07
1.235077827740421593e-07
8.930048152367377534e-08
1.061402434675933857e-07
1.045139299546237861e-07
6.057011965944928284e-08
1.629646192050286376e-07
4.613590481219589777e-08
5.502167603445030953e-08
1.869236981123585067e-08
2.825330064682708968e-08
5.413055444940503003e-08
3.754440829524410655e-08
3.443221892588396253e-08
4.762604904881354741e-08
4.851005848852391065e-08
3.347772870491669037e-08
5.141457162167165881e-08
4.053991119921218908e-08
3.603565441337230921e-08
2.671232554458706072e-08
3.111260867815500845e-08
2.800081347675455604e-08
3.510073436553716006e-08
3.014836658925307172e-08
3.164036973298508208e-08
4.105010571533282755e-08
3.010433541933782884e-08
4.107647274486930075e-08
3.448610767309068788e-08
2.786467989121709278e-08
4.673857427906857258e-08
3.687161215677981268e-08
5.934696784470113309e-08
5.033387773219937680e-08
4.291596882466939313e-08
3.083310913677061568e-08
3.374202087901665830e-08
3.770825785898891170e-08
5.397198975172232671e-08
4.135357946345163763e-08
6.228109380060699880e-08
3.141844623783933456e-08
3.678829871793479689e-08
2.353975882714166886e-08
5.612943752577614370e-08
