1.032720000000000056e+02
1.580939999999999941e+02
-1.433700000000000045e+02
1.143299999999999983e+02
1.779660000000000082e+02
1.016280000000000001e+02
-1.698000000000000114e+02
9.151800000000000068e+01
1.484339999999999975e+02
-1.736579999999999870e+02
1.103340000000000032e+02
1.722179999999999893e+02
1.558979999999999961e+02
1.313340000000000032e+02
-1.645200000000000102e+02
1.174500000000000028e+02
-1.784399999999999977e+02
-1.674960000000000093e+02
9.278400000000000603e+01
1.509000000000000057e+02
9.384600000000000364e+01
1.369619999999999891e+02
-1.597139999999999986e+02
1.123619999999999948e+02
1.336320000000000050e+02
-1.623540000000000134e+02
1.195799999999999983e+02
-1.761779999999999973e+02
1.066620000000000061e+02
1.695120000000000005e+02
9.471599999999999397e+01
1.549379999999999882e+02
-1.665300000000000011e+02
9.252599999999999625e+01
1.784399999999999977e+02
1.009020000000000010e+02
-1.705560000000000116e+02
9.031799999999999784e+01
1.751220000000000141e+02
1.090919999999999987e+02
1.086539999999999964e+02
1.721160000000000139e+02
1.197000000000000028e+02
-1.514699999999999989e+02
9.106199999999999761e+01
1.432199999999999989e+02
-1.725480000000000018e+02
1.045859999999999985e+02
-1.666320000000000050e+02
9.355800000000000693e+01
1.520339999999999918e+02
9.977400000000000091e+01
1.643640000000000043e+02
9.219599999999999795e+01
1.762980000000000018e+02
1.064459999999999980e+02
1.100460000000000065e+02
-1.424039999999999964e+02
9.763800000000000523e+01
1.585740000000000123e+02
-1.441200000000000045e+02
9.489600000000000080e+01
-1.772100000000000080e+02
1.039920000000000044e+02
1.676939999999999884e+02
-1.516740000000000066e+02
1.532700000000000102e+02
9.437999999999999545e+01
1.386299999999999955e+02
-1.577160000000000082e+02
1.239060000000000059e+02
9.727200000000000557e+01
1.365420000000000016e+02
-1.433160000000000025e+02
1.228319999999999936e+02
-1.492740000000000009e+02
1.332959999999999923e+02
-1.621200000000000045e+02
1.200480000000000018e+02
-1.514879999999999995e+02
1.064519999999999982e+02
-1.639799999999999898e+02
9.517199999999999704e+01
1.545780000000000030e+02
-1.438379999999999939e+02
1.144860000000000042e+02
-1.561140000000000043e+02
1.258499999999999943e+02
-1.453499999999999943e+02
1.376819999999999879e+02
-1.420980000000000132e+02
1.096380000000000052e+02
1.344780000000000086e+02
1.724099999999999966e+02
1.428839999999999861e+02
1.312560000000000002e+02
-1.448640000000000043e+02
9.463800000000000523e+01
-1.791419999999999959e+02
1.041179999999999950e+02
