-1.542539999999999907e+02
7.794599999999999795e+01
-9.935999999999999943e+01
1.337340000000000089e+02
-1.635300000000000011e+02
-1.442100000000000080e+02
1.087379999999999995e+02
-9.193800000000000239e+01
-1.378499999999999943e+02
-1.548779999999999859e+02
1.755660000000000025e+02
-1.630740000000000123e+02
-1.616999999999999886e+02
-1.688520000000000039e+02
-1.788480000000000132e+02
1.770540000000000020e+02
1.781399999999999864e+02
1.776659999999999968e+02
-1.715459999999999923e+02
-1.736999999999999886e+02
-1.749720000000000084e+02
-1.734060000000000059e+02
1.783199999999999932e+02
1.787040000000000077e+02
1.779540000000000077e+02
1.793640000000000043e+02
1.788420000000000130e+02
-1.776419999999999959e+02
-1.784879999999999995e+02
1.794720000000000084e+02
1.797059999999999889e+02
-1.799759999999999991e+02
-1.778760000000000048e+02
-1.783079999999999927e+02
-1.785360000000000014e+02
-1.794540000000000077e+02
-1.777680000000000007e+02
-1.782719999999999914e+02
-1.788959999999999866e+02
-1.783439999999999941e+02
-1.764720000000000084e+02
-1.776119999999999948e+02
-1.766579999999999870e+02
-1.768139999999999930e+02
-1.767839999999999918e+02
-1.761839999999999975e+02
-1.751999999999999886e+02
-1.743360000000000127e+02
-1.740960000000000036e+02
-1.730339999999999918e+02
