1.229070000000000076e-05
1.660370000000000164e-05
6.786579999999999828e-06
5.018000000000000067e-06
1.525050000000000078e-05
8.186380000000000384e-06
1.649009999999999989e-05
4.003779999999999976e-06
1.656829999999999856e-05
8.137950000000000579e-06
1.035259999999999978e-05
1.591459999999999837e-05
1.580459999999999900e-06
1.473169999999999992e-05
5.572129999999999961e-06
1.598250000000000156e-05
6.007060000000000217e-06
1.488630000000000010e-05
9.231329999999999587e-06
1.594619999999999989e-05
1.026139999999999970e-05
1.295480000000000004e-06
1.552429999999999975e-05
3.730889999999999866e-06
1.551599999999999849e-05
1.374080000000000065e-05
7.777530000000000055e-06
1.539389999999999842e-05
4.299009999999999689e-06
1.321179999999999944e-05
8.296280000000000806e-06
1.022879999999999937e-05
1.597699999999999967e-05
6.510909999999999636e-06
1.456219999999999925e-05
1.267259999999999959e-05
5.643840000000000330e-06
1.508839999999999940e-05
8.987319999999999191e-06
1.646499999999999906e-05
3.430079999999999861e-06
8.042030000000000657e-06
1.369699999999999947e-05
1.545360000000000058e-05
4.129509999999999872e-06
1.556810000000000092e-05
7.540950000000000196e-06
1.405650000000000001e-05
4.939760000000000288e-06
1.287649999999999945e-05
8.934239999999999353e-06
9.686739999999999348e-06
1.603660000000000160e-05
6.003330000000000169e-06
1.479779999999999916e-05
9.180100000000000418e-06
1.281970000000000027e-05
1.190239999999999975e-05
1.011139999999999945e-05
8.549600000000000271e-06
1.324349999999999949e-05
1.550480000000000104e-05
1.059480000000000061e-05
7.947030000000000719e-06
1.363459999999999987e-05
1.086489999999999994e-05
1.126910000000000024e-05
1.331330000000000008e-05
8.258099999999999759e-06
1.508280000000000067e-05
4.857810000000000166e-06
6.582620000000000005e-06
1.474570000000000012e-05
9.646700000000000321e-06
1.242299999999999947e-05
1.236620000000000029e-05
9.457640000000000136e-06
9.213629999999999739e-06
1.627309999999999841e-05
5.153039999999999879e-06
1.519369999999999990e-05
8.489989999999999329e-06
1.324720000000000083e-05
4.538360000000000201e-06
1.547309999999999929e-05
7.754249999999999492e-06
1.380039999999999919e-05
3.880850000000000291e-06
1.139389999999999945e-05
1.329100000000000031e-05
8.316769999999999317e-06
1.030139999999999932e-05
1.585870000000000115e-05
6.522080000000000073e-06
1.458179999999999988e-05
9.541460000000000631e-06
1.225999999999999951e-05
1.215290000000000014e-05
1.486860000000000025e-05
8.985459999999999517e-06
