1.135259999999999962e+02
1.505579999999999927e+02
-1.474139999999999873e+02
9.307200000000000273e+01
1.743959999999999866e+02
9.840000000000000568e+01
1.596239999999999952e+02
-1.447560000000000002e+02
1.448160000000000025e+02
-1.525140000000000100e+02
1.068299999999999983e+02
1.690500000000000114e+02
-1.602359999999999900e+02
1.279320000000000022e+02
-1.449720000000000084e+02
1.660920000000000130e+02
9.268200000000000216e+01
1.782119999999999891e+02
1.018979999999999961e+02
1.370039999999999907e+02
-1.585980000000000132e+02
1.197960000000000065e+02
1.348199999999999932e+02
-1.457400000000000091e+02
1.718520000000000039e+02
1.206179999999999950e+02
-1.511939999999999884e+02
1.322760000000000105e+02
-1.449240000000000066e+02
1.178220000000000027e+02
-1.527599999999999909e+02
1.052159999999999940e+02
1.676279999999999859e+02
9.380400000000000205e+01
1.268520000000000039e+02
-1.690140000000000100e+02
9.347400000000000375e+01
1.760639999999999930e+02
1.002780000000000058e+02
1.619279999999999973e+02
-1.465200000000000102e+02
9.776399999999999579e+01
-1.748760000000000048e+02
1.331339999999999861e+02
-1.453859999999999957e+02
1.713480000000000132e+02
9.687000000000000455e+01
-1.768079999999999927e+02
-1.451879999999999882e+02
1.170120000000000005e+02
-1.548300000000000125e+02
1.041119999999999948e+02
1.660800000000000125e+02
9.296999999999999886e+01
1.779600000000000080e+02
1.013220000000000027e+02
-1.704300000000000068e+02
1.123799999999999955e+02
-1.589279999999999973e+02
1.000619999999999976e+02
-1.720080000000000098e+02
1.352820000000000107e+02
-1.611599999999999966e+02
9.824399999999999977e+01
-1.751220000000000141e+02
1.074360000000000070e+02
-1.638420000000000130e+02
1.184639999999999986e+02
-1.525380000000000109e+02
1.301339999999999861e+02
-1.448280000000000030e+02
9.476399999999999579e+01
-1.799939999999999998e+02
1.055040000000000049e+02
-1.672319999999999993e+02
1.143780000000000001e+02
-1.570020000000000095e+02
1.011899999999999977e+02
1.635300000000000011e+02
9.202200000000000557e+01
1.751939999999999884e+02
9.918600000000000705e+01
-1.729739999999999895e+02
9.037199999999999989e+01
1.726140000000000043e+02
9.808199999999999363e+01
-1.755780000000000030e+02
8.972400000000000375e+01
-1.643220000000000027e+02
1.183259999999999934e+02
-1.528739999999999952e+02
1.048020000000000067e+02
1.675320000000000107e+02
9.521399999999999864e+01
1.788480000000000132e+02
1.020720000000000027e+02
-1.683540000000000134e+02
1.133040000000000020e+02
1.775219999999999914e+02
1.014419999999999931e+02
