2.184340000000000164e-05
2.453119999999999986e-06
2.685019999999999832e-06
3.696429999999999861e-06
4.611010000000000259e-06
5.582380000000000413e-06
6.541639999999999594e-06
7.554919999999999996e-06
8.484410000000000308e-06
9.469750000000000262e-06
1.049890000000000040e-05
1.154660000000000055e-05
1.244249999999999988e-05
1.349210000000000081e-05
1.440580000000000021e-05
1.542369999999999939e-05
1.640540000000000051e-05
1.732830000000000145e-05
1.837420000000000104e-05
1.931569999999999872e-05
2.029079999999999892e-05
2.127900000000000074e-05
2.184340000000000164e-05
2.184340000000000164e-05
2.184340000000000164e-05
2.184340000000000164e-05
2.184340000000000164e-05
2.184340000000000164e-05
2.184340000000000164e-05
2.184340000000000164e-05
2.184340000000000164e-05
2.184340000000000164e-05
2.184340000000000164e-05
2.184340000000000164e-05
2.184340000000000164e-05
2.184340000000000164e-05
2.184340000000000164e-05
2.184340000000000164e-05
2.184340000000000164e-05
2.184340000000000164e-05
2.184340000000000164e-05
2.184340000000000164e-05
2.184340000000000164e-05
2.184340000000000164e-05
2.184340000000000164e-05
2.184340000000000164e-05
2.184340000000000164e-05
2.184340000000000164e-05
2.184340000000000164e-05
2.184340000000000164e-05
2.184340000000000164e-05
2.184340000000000164e-05
2.184340000000000164e-05
2.184340000000000164e-05
2.184340000000000164e-05
2.184340000000000164e-05
2.184340000000000164e-05
2.184340000000000164e-05
2.184340000000000164e-05
2.184340000000000164e-05
2.184340000000000164e-05
2.184340000000000164e-05
2.184340000000000164e-05
2.184340000000000164e-05
2.184340000000000164e-05
2.184340000000000164e-05
2.184340000000000164e-05
2.184340000000000164e-05
2.184340000000000164e-05
2.184340000000000164e-05
2.184340000000000164e-05
2.184340000000000164e-05
2.184340000000000164e-05
2.184340000000000164e-05
2.184340000000000164e-05
2.184340000000000164e-05
2.184340000000000164e-05
2.184340000000000164e-05
2.184340000000000164e-05
2.184340000000000164e-05
2.184340000000000164e-05
2.184340000000000164e-05
2.184340000000000164e-05
2.184340000000000164e-05
2.184340000000000164e-05
2.184340000000000164e-05
2.184340000000000164e-05
2.184340000000000164e-05
2.184340000000000164e-05
2.184340000000000164e-05
2.184340000000000164e-05
2.184340000000000164e-05
2.184340000000000164e-05
2.184340000000000164e-05
2.184340000000000164e-05
2.184340000000000164e-05
2.184340000000000164e-05
2.184340000000000164e-05
2.184340000000000164e-05
2.184340000000000164e-05
