-1.350000000000000000e+02
-1.018859999999999957e+02
-1.052519999999999953e+02
-1.003080000000000069e+02
-9.390000000000000568e+01
-9.238800000000000523e+01
-9.000000000000000000e+01
-8.821200000000000330e+01
-8.904600000000000648e+01
-9.170999999999999375e+01
-9.318000000000000682e+01
-9.068999999999999773e+01
-9.190800000000000125e+01
-9.492000000000000171e+01
-9.548999999999999488e+01
-9.420000000000000284e+01
-9.623399999999999466e+01
-9.495000000000000284e+01
-9.670799999999999841e+01
-9.537000000000000455e+01
-9.512999999999999545e+01
-9.421200000000000330e+01
-9.396599999999999397e+01
-9.348000000000000398e+01
-9.397799999999999443e+01
-9.206399999999999295e+01
-9.280800000000000693e+01
-9.112199999999999989e+01
-9.218399999999999750e+01
-9.105599999999999739e+01
-9.229800000000000182e+01
-9.225000000000000000e+01
-9.288599999999999568e+01
-9.256799999999999784e+01
-9.251999999999999602e+01
-9.310800000000000409e+01
-9.349200000000000443e+01
-9.335399999999999920e+01
-9.385800000000000409e+01
-9.370799999999999841e+01
-9.379200000000000159e+01
-9.258599999999999852e+01
-9.234000000000000341e+01
-9.192600000000000193e+01
-9.190200000000000102e+01
-9.221399999999999864e+01
-9.253799999999999670e+01
-9.217199999999999704e+01
-9.276600000000000534e+01
-9.312600000000000477e+01
-9.412800000000000011e+01
-9.284999999999999432e+01
-9.261599999999999966e+01
-9.212999999999999545e+01
-9.252599999999999625e+01
-9.222599999999999909e+01
-9.220199999999999818e+01
-9.245999999999999375e+01
-9.322199999999999420e+01
-9.353400000000000603e+01
-9.334199999999999875e+01
-9.298799999999999955e+01
-9.293999999999999773e+01
-9.231000000000000227e+01
-9.216599999999999682e+01
-9.201000000000000512e+01
-9.211799999999999500e+01
-9.209399999999999409e+01
-9.265200000000000102e+01
-9.314400000000000546e+01
-9.327599999999999625e+01
-9.342600000000000193e+01
-9.287999999999999545e+01
-9.260399999999999920e+01
-9.197400000000000375e+01
-9.215999999999999659e+01
-9.213599999999999568e+01
-9.241800000000000637e+01
-9.260399999999999920e+01
-9.295199999999999818e+01
-9.260399999999999920e+01
-9.303600000000000136e+01
-9.271800000000000352e+01
-9.257999999999999829e+01
-9.235800000000000409e+01
-9.179399999999999693e+01
-9.214199999999999591e+01
-9.186599999999999966e+01
-9.202200000000000557e+01
-9.217799999999999727e+01
-9.241200000000000614e+01
-9.230400000000000205e+01
-9.286799999999999500e+01
-9.283199999999999363e+01
-9.261599999999999966e+01
-9.265200000000000102e+01
-9.246599999999999397e+01
-9.198600000000000421e+01
