-1.324420000000000035e-04
-1.221899999999999939e-05
-1.341109999999999938e-05
-1.823909999999999957e-05
-2.324590000000000049e-05
-2.807389999999999899e-05
-3.290199999999999771e-05
-3.790879999999999863e-05
-4.273680000000000051e-05
-4.768389999999999928e-05
-5.221389999999999826e-05
-5.745910000000000015e-05
-6.240650000000000635e-05
-6.735369999999999855e-05
-7.218170000000000044e-05
-7.712890000000000620e-05
-8.195689999999999453e-05
-8.690399999999999330e-05
-9.173199999999999518e-05
-9.673879999999999610e-05
-1.016860000000000019e-04
-1.065140000000000037e-04
-1.114609999999999955e-04
-1.163489999999999934e-04
-1.211769999999999953e-04
-1.261839999999999967e-04
-1.310720000000000082e-04
-1.359590000000000039e-04
-1.407869999999999922e-04
-1.456750000000000037e-04
-1.506219999999999955e-04
-1.555089999999999912e-04
-1.603370000000000066e-04
-1.652849999999999871e-04
-1.702320000000000059e-04
-1.751789999999999977e-04
-1.800670000000000092e-04
-1.850140000000000009e-04
-1.898419999999999893e-04
-1.947290000000000121e-04
-1.997359999999999999e-04
-2.045639999999999882e-04
-2.093920000000000037e-04
-2.143989999999999915e-04
-2.192270000000000069e-04
-2.240549999999999953e-04
-2.290620000000000102e-04
-2.340090000000000019e-04
-2.388369999999999903e-04
-2.438440000000000052e-04
-2.486130000000000132e-04
-2.535600000000000050e-04
-2.585069999999999968e-04
-2.633350000000000122e-04
-2.682229999999999966e-04
-2.731699999999999883e-04
-2.780580000000000269e-04
-2.829449999999999956e-04
-2.878919999999999873e-04
-2.927800000000000259e-04
-2.976079999999999871e-04
-3.026150000000000020e-04
-3.074430000000000175e-04
-3.123299999999999861e-04
-3.172769999999999779e-04
-3.221650000000000165e-04
-3.270530000000000008e-04
-3.319400000000000237e-04
-3.368870000000000154e-04
-3.418350000000000229e-04
-3.466620000000000226e-04
-3.515500000000000070e-04
-3.564969999999999988e-04
-3.613250000000000142e-04
-3.662129999999999986e-04
-3.711599999999999904e-04
-3.760479999999999747e-04
-3.809349999999999976e-04
-3.858819999999999893e-04
-3.908299999999999969e-04
-3.956569999999999965e-04
-4.005449999999999809e-04
-4.054920000000000269e-04
-4.103199999999999881e-04
-4.152080000000000267e-04
-4.201550000000000185e-04
-4.250430000000000028e-04
-4.299899999999999946e-04
-4.348770000000000174e-04
-4.397650000000000018e-04
-4.446529999999999862e-04
-4.494799999999999859e-04
-4.544870000000000008e-04
-4.593749999999999852e-04
-4.642620000000000080e-04
-4.690900000000000234e-04
-4.740969999999999841e-04
-4.789249999999999996e-04
