9.829240000000000102e-06
1.018310000000000081e-05
9.853449999999999655e-06
9.963350000000000076e-06
9.421320000000000456e-06
8.560779999999999714e-06
3.700159999999999908e-06
6.208229999999999681e-06
8.946340000000000474e-06
9.573119999999999579e-06
9.684879999999999674e-06
9.833890000000000133e-06
9.844140000000000586e-06
9.886049999999999986e-06
9.949380000000000276e-06
9.965209999999999750e-06
9.935410000000000476e-06
9.896289999999999739e-06
1.001920000000000057e-05
9.922369999999999666e-06
1.000619999999999917e-05
9.912119999999999213e-06
9.980110000000000234e-06
9.963350000000000076e-06
9.880460000000000265e-06
9.884179999999999613e-06
9.808749999999999896e-06
9.850659999999999297e-06
9.876730000000000218e-06
9.737970000000000211e-06
9.798499999999999444e-06
9.791050000000000049e-06
9.904669999999999818e-06
9.805950000000000533e-06
9.833890000000000133e-06
9.817129999999999975e-06
9.850659999999999297e-06
9.797570000000000454e-06
9.818989999999999649e-06
9.712819999999999275e-06
9.710030000000000611e-06
9.791980000000000733e-06
9.762179999999999764e-06
9.803160000000000175e-06
9.898149999999999413e-06
9.771490000000000527e-06
9.817129999999999975e-06
9.839479999999999854e-06
9.772430000000000217e-06
9.794780000000000096e-06
