1.681020000000000039e+02
1.747439999999999998e+02
1.690680000000000121e+02
1.666980000000000075e+02
1.609439999999999884e+02
1.512179999999999893e+02
1.104240000000000066e+02
-1.320720000000000027e+02
-1.540380000000000109e+02
-1.618019999999999925e+02
-1.676639999999999873e+02
-1.701179999999999950e+02
-1.719720000000000084e+02
-1.733520000000000039e+02
-1.748040000000000020e+02
-1.749060000000000059e+02
-1.757160000000000082e+02
-1.766100000000000136e+02
-1.768499999999999943e+02
-1.771260000000000048e+02
-1.777259999999999991e+02
-1.778520000000000039e+02
-1.777680000000000007e+02
-1.787940000000000111e+02
-1.791179999999999950e+02
-1.791299999999999955e+02
-1.787940000000000111e+02
-1.790759999999999934e+02
-1.788959999999999866e+02
-1.791419999999999959e+02
-1.792680000000000007e+02
-1.788240000000000123e+02
-1.790099999999999909e+02
-1.789859999999999900e+02
-1.787340000000000089e+02
-1.785420000000000016e+02
-1.781879999999999882e+02
-1.782899999999999920e+02
-1.782779999999999916e+02
-1.780140000000000100e+02
-1.778820000000000050e+02
-1.768019999999999925e+02
-1.775039999999999907e+02
-1.771140000000000043e+02
-1.764600000000000080e+02
-1.761659999999999968e+02
-1.750740000000000123e+02
-1.752179999999999893e+02
-1.738979999999999961e+02
-1.736100000000000136e+02
