4.172339999999999892e-07
5.988440000000000385e-07
6.475060000000000013e-07
7.143280000000000156e-07
7.206139999999999966e-07
9.422689999999999522e-07
1.008160000000000102e-06
1.120620000000000038e-06
1.131560000000000055e-06
1.371379999999999989e-06
1.383250000000000055e-06
1.512480000000000002e-06
1.567889999999999993e-06
1.726909999999999997e-06
1.760439999999999953e-06
1.891059999999999941e-06
1.955790000000000124e-06
2.050790000000000062e-06
2.123900000000000112e-06
2.316209999999999801e-06
2.398870000000000039e-06
2.498050000000000164e-06
2.503179999999999893e-06
2.702950000000000099e-06
2.763710000000000175e-06
2.865230000000000094e-06
2.990959999999999990e-06
3.095499999999999839e-06
3.073839999999999948e-06
3.223790000000000097e-06
3.301320000000000183e-06
3.515290000000000186e-06
3.502019999999999803e-06
3.685489999999999844e-06
3.714590000000000124e-06
3.888529999999999682e-06
3.917639999999999815e-06
4.094589999999999874e-06
4.123930000000000003e-06
4.250349999999999887e-06
4.343950000000000143e-06
4.462229999999999796e-06
4.497619999999999639e-06
4.605649999999999687e-06
4.722529999999999659e-06
4.864789999999999716e-06
