2.709040000000000070e-05
2.495960000000000070e-06
2.652419999999999924e-06
3.613549999999999902e-06
4.619390000000000338e-06
5.506010000000000160e-06
6.549089999999999836e-06
7.547469999999999754e-06
8.583129999999999593e-06
9.514450000000000020e-06
1.044579999999999916e-05
1.152609999999999964e-05
1.248719999999999964e-05
1.342599999999999986e-05
1.443179999999999962e-05
1.542280000000000080e-05
1.639879999999999959e-05
1.738230000000000127e-05
1.829870000000000151e-05
1.934930000000000124e-05
2.036260000000000050e-05
2.133859999999999929e-05
2.224760000000000024e-05
2.328320000000000097e-05
2.426669999999999926e-05
2.524270000000000143e-05
2.616660000000000118e-05
2.717980000000000022e-05
2.811859999999999875e-05
2.917660000000000116e-05
3.013770000000000115e-05
3.113620000000000184e-05
3.208989999999999917e-05
3.305850000000000205e-05
3.401960000000000205e-05
3.501049999999999963e-05
3.596419999999999695e-05
3.697750000000000299e-05
3.794599999999999888e-05
3.897419999999999693e-05
3.990549999999999935e-05
4.091879999999999861e-05
4.187250000000000271e-05
4.281130000000000124e-05
4.377979999999999714e-05
4.480059999999999929e-05
4.580640000000000243e-05
4.681970000000000169e-05
4.781810000000000216e-05
4.874939999999999780e-05
4.971800000000000069e-05
5.041829999999999804e-05
5.173710000000000309e-05
5.269820000000000309e-05
5.365190000000000041e-05
5.462040000000000309e-05
5.561140000000000088e-05
5.653520000000000041e-05
5.759320000000000281e-05
5.858410000000000039e-05
5.956760000000000207e-05
6.053619999999999818e-05
6.150500000000000151e-05
6.242140000000000514e-05
6.350920000000000512e-05
6.444800000000000366e-05
6.548359999999999760e-05
6.640749999999999735e-05
6.742820000000000606e-05
6.838190000000000338e-05
6.935049999999999949e-05
7.033390000000000095e-05
7.132490000000000553e-05
7.230090000000000431e-05
7.331419999999999680e-05
7.426789999999999412e-05
7.525129999999999558e-05
7.624970000000000283e-05
7.721080000000000282e-05
7.818689999999999505e-05
7.920760000000000376e-05
8.017619999999999988e-05
8.110750000000000229e-05
8.205370000000000350e-05
8.311909999999999503e-05
8.411750000000000227e-05
8.504140000000000202e-05
8.600250000000000201e-05
8.702319999999999717e-05
8.800670000000000563e-05
8.904979999999999569e-05
8.998109999999999811e-05
9.093479999999999543e-05
9.188850000000000631e-05
9.284960000000000630e-05
9.387030000000000146e-05
9.483889999999999757e-05
9.584469999999999394e-05
9.681330000000000361e-05
9.778930000000000239e-05
