4.887610000000000287e-06
9.715620000000000332e-06
1.466279999999999961e-05
1.955039999999999835e-05
2.443799999999999879e-05
2.944479999999999971e-05
3.421329999999999988e-05
3.916049999999999886e-05
4.404810000000000268e-05
4.899530000000000166e-05
5.394240000000000043e-05
5.882999999999999748e-05
6.371780000000000174e-05
6.854580000000000362e-05
7.355260000000000454e-05
7.838060000000000643e-05
8.338739999999999380e-05
8.821530000000000224e-05
9.310289999999999929e-05
9.805010000000000505e-05
1.029970000000000034e-04
1.078850000000000013e-04
1.127719999999999970e-04
1.175999999999999989e-04
1.225479999999999929e-04
1.274360000000000044e-04
1.324420000000000035e-04
1.373299999999999879e-04
1.421580000000000033e-04
1.471049999999999951e-04
1.519930000000000066e-04
1.568800000000000023e-04
1.617679999999999867e-04
1.667150000000000055e-04
1.716029999999999899e-04
1.766089999999999891e-04
1.814370000000000045e-04
1.863850000000000120e-04
1.911530000000000043e-04
1.960999999999999961e-04
2.010469999999999879e-04
2.059349999999999993e-04
2.107629999999999877e-04
2.157700000000000026e-04
2.206569999999999983e-04
2.255450000000000098e-04
2.304920000000000016e-04
2.353800000000000130e-04
2.402080000000000014e-04
2.452150000000000163e-04
2.500429999999999775e-04
2.549310000000000161e-04
2.598780000000000079e-04
2.647659999999999922e-04
2.697129999999999840e-04
2.745409999999999994e-04
2.794879999999999912e-04
2.843759999999999756e-04
2.892629999999999984e-04
2.940910000000000139e-04
2.990380000000000056e-04
3.040450000000000205e-04
3.088729999999999818e-04
3.137009999999999972e-04
3.187679999999999811e-04
3.236550000000000039e-04
3.284830000000000193e-04
3.334300000000000111e-04
3.383179999999999955e-04
3.431460000000000109e-04
3.480930000000000027e-04
3.530399999999999944e-04
3.579279999999999788e-04
3.628150000000000017e-04
3.677029999999999860e-04
3.725900000000000089e-04
3.775380000000000164e-04
3.823659999999999776e-04
3.872530000000000004e-04
3.922600000000000153e-04
3.970879999999999766e-04
4.020350000000000226e-04
4.069230000000000069e-04
4.118699999999999987e-04
4.167579999999999831e-04
4.215859999999999985e-04
4.265919999999999977e-04
4.314200000000000131e-04
4.363670000000000049e-04
4.412549999999999892e-04
4.462019999999999810e-04
4.510299999999999965e-04
4.559769999999999882e-04
4.609249999999999957e-04
4.657530000000000112e-04
4.707000000000000029e-04
4.756469999999999947e-04
4.805349999999999791e-04
