-4.172349999999999956e-06
-4.172339999999999892e-07
-4.768410000000000014e-07
-5.364450000000000367e-07
-7.152589999999999860e-07
-8.940730000000000413e-07
-1.072890000000000073e-06
-1.192099999999999987e-06
-1.370909999999999932e-06
-1.549729999999999941e-06
-1.728540000000000098e-06
-1.907359999999999895e-06
-2.026569999999999809e-06
-2.145780000000000147e-06
-2.324600000000000156e-06
-2.443799999999999794e-06
-2.622619999999999803e-06
-2.801429999999999960e-06
-2.980249999999999969e-06
-3.159060000000000125e-06
-3.278270000000000039e-06
-3.337869999999999858e-06
-3.516689999999999867e-06
-3.755110000000000119e-06
-3.874329999999999885e-06
-4.053139999999999619e-06
-4.172349999999999956e-06
-4.410769999999999784e-06
-4.470379999999999879e-06
-4.649189999999999612e-06
-4.887610000000000287e-06
-5.006819999999999778e-06
-5.126030000000000115e-06
-5.245239999999999606e-06
-5.424050000000000186e-06
-5.543259999999999677e-06
-5.722080000000000109e-06
-5.900889999999999842e-06
-6.079700000000000422e-06
-6.198909999999999913e-06
-6.318120000000000250e-06
-6.437329999999999741e-06
-6.675750000000000416e-06
-6.794959999999999907e-06
-7.033379999999999735e-06
-7.092979999999999977e-06
-7.212190000000000315e-06
-7.450610000000000143e-06
-7.689059999999999528e-06
-7.808270000000000713e-06
-7.987080000000000446e-06
-8.106289999999999937e-06
-8.344710000000000612e-06
-8.404309999999999160e-06
-8.583129999999999593e-06
-8.702340000000000777e-06
-8.881150000000000510e-06
-9.000360000000000001e-06
-9.179169999999999734e-06
-9.357990000000000167e-06
-9.477199999999999657e-06
-9.715620000000000332e-06
-9.834820000000000817e-06
-1.001360000000000015e-05
-1.007320000000000039e-05
-1.013280000000000063e-05
-1.037130000000000013e-05
-1.060969999999999940e-05
-1.072889999999999989e-05
-1.084810000000000037e-05
-1.096729999999999916e-05
-1.114609999999999989e-05
-1.138449999999999917e-05
-1.144419999999999963e-05
-1.162300000000000036e-05
-1.174220000000000084e-05
-1.198060000000000012e-05
-1.221899999999999939e-05
-1.233819999999999988e-05
-1.239780000000000012e-05
-1.251700000000000061e-05
-1.269579999999999964e-05
-1.287470000000000059e-05
-1.305349999999999962e-05
-1.317270000000000010e-05
-1.335150000000000083e-05
-1.341109999999999938e-05
-1.358990000000000011e-05
-1.382829999999999938e-05
-1.394749999999999987e-05
-1.406680000000000057e-05
-1.424559999999999961e-05
-1.442440000000000033e-05
-1.454360000000000082e-05
-1.472239999999999985e-05
-1.490120000000000058e-05
-1.502039999999999937e-05
-1.513959999999999986e-05
