-2.679240000000000118e-05
-2.443799999999999794e-06
-2.667319999999999985e-06
-3.665699999999999903e-06
-4.693890000000000218e-06
-5.625219999999999651e-06
-6.541639999999999594e-06
-7.592170000000000360e-06
-8.583129999999999593e-06
-9.514450000000000020e-06
-1.052769999999999917e-05
-1.150379999999999987e-05
-1.245740000000000036e-05
-1.349309999999999961e-05
-1.445419999999999961e-05
-1.540789999999999863e-05
-1.639140000000000031e-05
-1.738230000000000127e-05
-1.834340000000000127e-05
-1.933439999999999906e-05
-2.028060000000000027e-05
-2.128640000000000003e-05
-2.229969999999999929e-05
-2.330549999999999904e-05
-2.424430000000000096e-05
-2.521290000000000046e-05
-2.624850000000000119e-05
-2.721710000000000069e-05
-2.806649999999999971e-05
-2.910949999999999971e-05
-3.010050000000000090e-05
-3.105429999999999844e-05
-3.202280000000000111e-05
-3.306589999999999795e-05
-3.399720000000000037e-05
-3.504780000000000010e-05
-3.597159999999999963e-05
-3.697750000000000299e-05
-3.790130000000000251e-05
-3.892209999999999789e-05
-3.990549999999999935e-05
-4.090389999999999982e-05
-4.183520000000000224e-05
-4.287829999999999908e-05
-4.382450000000000028e-05
-4.484530000000000243e-05
-4.581389999999999855e-05
-4.678240000000000122e-05
-4.781810000000000216e-05
-4.868229999999999975e-05
-4.977009999999999974e-05
-5.035870000000000288e-05
-5.165509999999999948e-05
-5.263860000000000116e-05
-5.364439999999999752e-05
-5.460549999999999752e-05
-5.562629999999999967e-05
-5.660229999999999846e-05
-5.755600000000000256e-05
-5.851710000000000255e-05
-5.954530000000000060e-05
-6.052870000000000207e-05
-6.150500000000000151e-05
-6.245869999999999883e-05
-6.350920000000000512e-05
-6.448520000000000391e-05
-6.543149999999999856e-05
-6.634790000000000219e-05
-6.734629999999999588e-05
-6.829989999999999976e-05
-6.930580000000000312e-05
-7.034139999999999707e-05
-7.127269999999999949e-05
-7.223379999999999948e-05
-7.321729999999999439e-05
-7.421570000000000163e-05
-7.529600000000000550e-05
-7.624230000000000015e-05
-7.721829999999999894e-05
-7.817199999999999626e-05
-7.911070000000000135e-05
-8.001970000000000231e-05
-8.103299999999999479e-05
-8.207609999999999841e-05
-8.302229999999999961e-05
-8.408030000000000202e-05
-8.501160000000000444e-05
-8.603229999999999959e-05
-8.700829999999999838e-05
-8.796199999999999570e-05
-8.891570000000000658e-05
-8.991410000000000027e-05
-9.083790000000000657e-05
-9.186609999999999785e-05
-9.284220000000000363e-05
-9.380330000000000363e-05
-9.479420000000000120e-05
-9.578509999999999878e-05
-9.678350000000000603e-05
-9.774460000000000602e-05
