7.655530000000000207e-06
8.183590000000000027e-06
8.514209999999999582e-06
8.680919999999999888e-06
8.738660000000000457e-06
8.750770000000000583e-06
8.725619999999999646e-06
8.692090000000000325e-06
8.690230000000000651e-06
8.718170000000000251e-06
8.762870000000000010e-06
8.784289999999999205e-06
8.788019999999999252e-06
8.795470000000000341e-06
8.774049999999999452e-06
8.755420000000000615e-06
8.772189999999999778e-06
8.817820000000000221e-06
8.860660000000000305e-06
8.895120000000000311e-06
8.872770000000000431e-06
8.806640000000000778e-06
8.769390000000000415e-06
8.804779999999999410e-06
8.842969999999999463e-06
8.839239999999999416e-06
8.838310000000000426e-06
8.855999999999999574e-06
8.853209999999999216e-06
8.825269999999999616e-06
8.786159999999999578e-06
8.750770000000000583e-06
8.745179999999999168e-06
8.776839999999999810e-06
8.818749999999999211e-06
8.825269999999999616e-06
8.809440000000000142e-06
8.802919999999999736e-06
8.812230000000000499e-06
8.822479999999999258e-06
8.823409999999999942e-06
8.797330000000000015e-06
8.802919999999999736e-06
8.813159999999999489e-06
8.821550000000000268e-06
8.778699999999999484e-06
8.730280000000000378e-06
8.719099999999999241e-06
8.722829999999999289e-06
8.724690000000000657e-06
8.736800000000000783e-06
8.747040000000000536e-06
8.786159999999999578e-06
8.805710000000000094e-06
8.812230000000000499e-06
8.826200000000000300e-06
8.843900000000000147e-06
8.826200000000000300e-06
8.797330000000000015e-06
8.791740000000000294e-06
8.825269999999999616e-06
8.840170000000000100e-06
8.808509999999999458e-06
8.776839999999999810e-06
8.764729999999999684e-06
8.758219999999999978e-06
8.733999999999999725e-06
8.722829999999999289e-06
8.742379999999999804e-06
8.722829999999999289e-06
8.728410000000000004e-06
8.763800000000000694e-06
8.768459999999999731e-06
8.742379999999999804e-06
8.727479999999999320e-06
8.756349999999999605e-06
8.789880000000000620e-06
8.794539999999999657e-06
8.791740000000000294e-06
8.823409999999999942e-06
8.829930000000000347e-06
8.821550000000000268e-06
8.800129999999999379e-06
8.783360000000000215e-06
8.761010000000000336e-06
8.771250000000000089e-06
8.734930000000000409e-06
8.741450000000000815e-06
8.782429999999999531e-06
8.801990000000000747e-06
8.816889999999999537e-06
8.804779999999999410e-06
8.807580000000000468e-06
8.830859999999999337e-06
8.823409999999999942e-06
8.787090000000000262e-06
8.768459999999999731e-06
8.795470000000000341e-06
8.821550000000000268e-06
8.828059999999999973e-06
