8.831790000000000021e-06
8.755420000000000615e-06
8.818749999999999211e-06
8.792669999999999284e-06
8.763800000000000694e-06
8.753559999999999247e-06
8.785219999999999889e-06
8.844830000000000831e-06
8.842029999999999774e-06
8.850420000000000552e-06
8.825269999999999616e-06
8.746109999999999852e-06
8.802919999999999736e-06
8.700470000000000404e-06
8.793610000000000668e-06
8.888599999999999905e-06
8.872770000000000431e-06
8.843900000000000147e-06
8.790809999999999610e-06
8.814099999999999179e-06
8.768459999999999731e-06
8.814099999999999179e-06
8.851349999999999542e-06
8.779639999999999173e-06
8.821550000000000268e-06
8.720029999999999925e-06
8.776839999999999810e-06
8.839239999999999416e-06
8.755420000000000615e-06
8.767530000000000741e-06
8.815029999999999863e-06
8.800129999999999379e-06
8.830859999999999337e-06
8.767530000000000741e-06
8.720960000000000609e-06
8.788019999999999252e-06
8.802919999999999736e-06
8.801060000000000063e-06
8.814099999999999179e-06
8.800129999999999379e-06
8.842029999999999774e-06
8.756349999999999605e-06
8.806640000000000778e-06
8.840170000000000100e-06
8.850420000000000552e-06
8.729340000000000688e-06
8.802919999999999736e-06
8.802919999999999736e-06
8.868109999999999700e-06
8.910020000000000795e-06
8.790809999999999610e-06
8.805710000000000094e-06
8.712580000000000530e-06
8.723759999999999973e-06
8.792669999999999284e-06
8.783360000000000215e-06
8.800129999999999379e-06
8.860660000000000305e-06
8.839239999999999416e-06
8.795470000000000341e-06
8.776839999999999810e-06
8.828999999999999663e-06
8.780569999999999857e-06
8.872770000000000431e-06
8.708859999999999488e-06
8.842029999999999774e-06
8.807580000000000468e-06
8.889530000000000589e-06
8.790809999999999610e-06
8.770319999999999405e-06
8.700470000000000404e-06
8.759150000000000662e-06
8.702340000000000777e-06
8.790809999999999610e-06
8.784289999999999205e-06
8.814099999999999179e-06
8.791740000000000294e-06
8.695820000000000372e-06
8.840170000000000100e-06
8.782429999999999531e-06
8.885809999999999548e-06
8.807580000000000468e-06
8.761010000000000336e-06
8.774980000000000136e-06
8.768459999999999731e-06
8.782429999999999531e-06
8.823409999999999942e-06
8.850420000000000552e-06
8.796399999999999331e-06
8.756349999999999605e-06
8.823409999999999942e-06
8.802919999999999736e-06
8.828059999999999973e-06
8.788019999999999252e-06
8.755420000000000615e-06
8.845759999999999821e-06
8.810370000000000826e-06
8.875560000000000789e-06
8.771250000000000089e-06
8.723759999999999973e-06
