1.528559999999999945e+02
1.527179999999999893e+02
1.526459999999999866e+02
1.529399999999999977e+02
1.529819999999999993e+02
1.526639999999999873e+02
1.526100000000000136e+02
1.522680000000000007e+02
1.521539999999999964e+02
1.522620000000000005e+02
1.525560000000000116e+02
1.525740000000000123e+02
1.527119999999999891e+02
1.529579999999999984e+02
1.524960000000000093e+02
1.525140000000000100e+02
1.528559999999999945e+02
1.522560000000000002e+02
1.528859999999999957e+02
1.525500000000000114e+02
1.518180000000000121e+02
1.524420000000000073e+02
1.524420000000000073e+02
1.524240000000000066e+02
1.527899999999999920e+02
1.528259999999999934e+02
1.526100000000000136e+02
1.523700000000000045e+02
1.526879999999999882e+02
1.526279999999999859e+02
1.526579999999999870e+02
1.525320000000000107e+02
1.523880000000000052e+02
1.526519999999999868e+02
1.525620000000000118e+02
1.530660000000000025e+02
1.524600000000000080e+02
1.517580000000000098e+02
1.525080000000000098e+02
1.524300000000000068e+02
1.526100000000000136e+02
1.526279999999999859e+02
1.524780000000000086e+02
1.527059999999999889e+02
1.527179999999999893e+02
1.526279999999999859e+02
1.531800000000000068e+02
1.528439999999999941e+02
1.523700000000000045e+02
1.520339999999999918e+02
1.521839999999999975e+02
1.524060000000000059e+02
1.531140000000000043e+02
1.526939999999999884e+02
1.525800000000000125e+02
1.525500000000000114e+02
1.528259999999999934e+02
1.526100000000000136e+02
1.528019999999999925e+02
1.526759999999999877e+02
1.520639999999999930e+02
1.521539999999999964e+02
1.527539999999999907e+02
1.523640000000000043e+02
1.528679999999999950e+02
1.521959999999999980e+02
1.527059999999999889e+02
1.529819999999999993e+02
1.530300000000000011e+02
1.526160000000000139e+02
1.526040000000000134e+02
1.529279999999999973e+02
1.529579999999999984e+02
1.524180000000000064e+02
1.529279999999999973e+02
1.530780000000000030e+02
1.532460000000000093e+02
1.525920000000000130e+02
1.525620000000000118e+02
1.528799999999999955e+02
1.526399999999999864e+02
1.526279999999999859e+02
1.522139999999999986e+02
1.526220000000000141e+02
1.531260000000000048e+02
1.525800000000000125e+02
1.526759999999999877e+02
1.526160000000000139e+02
1.522199999999999989e+02
1.529039999999999964e+02
1.524840000000000089e+02
1.530360000000000014e+02
1.528859999999999957e+02
1.524540000000000077e+02
1.528199999999999932e+02
1.526939999999999884e+02
1.530240000000000009e+02
1.525080000000000098e+02
1.529339999999999975e+02
1.527119999999999891e+02
