4.893570000000000481e-06
9.733496600000001285e-06
1.469736200000000031e-05
1.967801999999999833e-05
2.462037400000000118e-05
2.956042000000000725e-05
3.452917600000000241e-05
3.946207000000000078e-05
4.448079000000000887e-05
4.943394599999999353e-05
5.438352599999999638e-05
5.938555399999999687e-05
6.428051000000000977e-05
6.925870000000000149e-05
7.422257800000000303e-05
7.918282599999999457e-05
8.412762800000001418e-05
8.910700999999999984e-05
9.411142400000000732e-05
9.902882200000000994e-05
1.040045399999999859e-04
1.089793799999999873e-04
1.139598200000000279e-04
1.189190800000000100e-04
1.238513599999999885e-04
1.288504399999999914e-04
1.337706200000000044e-04
1.387320600000000034e-04
1.437163199999999725e-04
1.486920399999999947e-04
1.536378199999999825e-04
1.586101399999999837e-04
1.635548000000000286e-04
1.685305799999999737e-04
1.734315800000000001e-04
1.784319599999999856e-04
1.834282400000000095e-04
1.883955800000000147e-04
1.933395999999999607e-04
1.983482600000000104e-04
2.032312200000000217e-04
2.082558999999999723e-04
2.132201200000000032e-04
2.181407799999999413e-04
2.231225799999999552e-04
2.281163599999999939e-04
2.330167799999999798e-04
2.380427000000000172e-04
2.429316000000000103e-04
2.478785600000000264e-04
2.528472000000000141e-04
2.578110399999999913e-04
2.627821400000000156e-04
2.678102599999999901e-04
2.728053000000000357e-04
2.776916799999999881e-04
2.826637000000000225e-04
2.876467999999999647e-04
2.926451600000000257e-04
2.975252999999999752e-04
3.024811799999999919e-04
3.074592599999999894e-04
3.123946999999999857e-04
3.173643800000000461e-04
3.223927400000000374e-04
3.272815599999999436e-04
3.322441999999999995e-04
3.372305800000000085e-04
3.421944999999999913e-04
3.471704199999998920e-04
3.521303800000000314e-04
3.571086199999999860e-04
3.620547599999999989e-04
3.670326399999999283e-04
3.719312200000000836e-04
3.769309800000000257e-04
3.818973799999999651e-04
3.868407200000000532e-04
3.918320999999999783e-04
3.967911999999999763e-04
4.017740799999999844e-04
4.067164800000000338e-04
4.116576199999998596e-04
4.166467200000000047e-04
4.216234600000000441e-04
4.265899999999999120e-04
4.315418200000000512e-04
4.364722399999999402e-04
4.414589199999999973e-04
4.463557999999999523e-04
4.513843800000000403e-04
4.563314800000001204e-04
4.613142400000000659e-04
4.662639600000000853e-04
4.712528399999999710e-04
4.761609600000000619e-04
4.811592199999999804e-04
4.861446599999999507e-04
