1.787999999999981997e-08
3.221414561437879578e-07
3.111036559669462338e-07
2.973202838690966590e-07
2.985816007794184873e-07
2.861963270204564005e-07
3.245466194924858620e-07
2.981165941372604763e-07
2.926811502300760525e-07
2.989220789503513262e-07
3.888495358413066854e-07
3.086760134574757962e-07
3.236672002226982960e-07
2.858540130905982014e-07
3.119104879865374322e-07
3.037328035033420075e-07
2.823677821848661130e-07
3.216292059188662415e-07
3.220485705976667149e-07
3.051157415080379515e-07
3.161399822863272172e-07
2.833456468696830197e-07
3.182819938356549574e-07
3.122451498422357619e-07
2.956988846783178105e-07
2.966974324122125594e-07
3.084084882100364451e-07
3.078281605051766106e-07
3.195764972584834911e-07
3.068413896461829292e-07
2.902619982016255007e-07
3.128724347078221395e-07
3.195146319028315578e-07
3.129519509445483426e-07
2.892403906787584172e-07
2.976575186350944276e-07
3.029021993977576478e-07
3.164070852556912678e-07
3.008575078006196890e-07
2.999769864506241109e-07
2.855556891396166554e-07
3.183810452900738990e-07
3.069271991857361273e-07
3.141424702264905675e-07
2.967770267389254965e-07
3.037505397526089435e-07
3.161658609021557028e-07
2.910894192511927074e-07
2.731962664459406572e-07
2.954707538826805571e-07
3.013555375300034474e-07
2.909328417349950598e-07
3.529092806940533281e-07
3.307432121752395367e-07
2.907448537807652154e-07
2.969509346676550549e-07
2.968370765251565470e-07
3.335388433151323009e-07
2.941310157055936685e-07
2.864334652236023256e-07
3.091961636243265387e-07
3.019885302457679141e-07
3.051062929537844629e-07
2.807986388855858197e-07
3.229394872108414267e-07
3.239362999109576725e-07
3.056807484942423302e-07
3.154778654676125334e-07
3.142581263865751312e-07
3.191353374353929444e-07
2.884910320963143654e-07
3.068893540023833420e-07
2.990467227708710154e-07
3.011138495652393401e-07
2.796563812967678451e-07
2.767672299966117291e-07
3.186500205554695204e-07
2.958283989072083730e-07
2.979415546713801305e-07
3.036183130181688401e-07
2.865950341509796232e-07
3.112890772256499647e-07
2.984742461251837359e-07
3.172299506667053698e-07
2.974827867289103206e-07
3.171999369482929180e-07
3.328493767456946986e-07
3.056004293190634986e-07
3.407572062334095816e-07
2.944364787182504984e-07
3.151426908560621254e-07
3.131585694181169332e-07
2.853399768696952658e-07
2.841251104707289652e-07
3.178293479211749536e-07
3.018638739564608143e-07
2.819520732323178002e-07
2.958076814418406072e-07
