-1.781292000000000257e+02
2.455517867986290459e-01
-1.783579199999999787e+02
3.239320817702370237e-01
-1.783195200000000114e+02
2.036002200391731076e-01
-1.782472799999999893e+02
1.572258299389705793e-01
-1.782126000000000090e+02
3.502175895068674882e-01
-1.783322400000000130e+02
1.234657134592420935e-01
-1.783228799999999694e+02
1.451515952375334317e-01
-1.784196000000000311e+02
1.920187490845620959e-01
-1.782533999999999992e+02
8.565722386348824380e-02
-1.782521999999999309e+02
7.069059343363988390e-02
-1.783567199999999957e+02
9.982846087164098936e-02
-1.783275599999999486e+02
8.983032004841468021e-02
-1.782518400000000156e+02
8.140352817906532090e-02
-1.784613599999999849e+02
7.237064598302545004e-02
-1.783590000000000089e+02
1.413875524931416383e-01
-1.783243199999999717e+02
6.807332517220200663e-02
-1.783465200000000266e+02
5.913078386086442761e-02
-1.784167199999999980e+02
6.669064102256280768e-02
-1.783502399999999852e+02
8.796875809058911366e-02
-1.783830000000000382e+02
5.679753515778870887e-02
-1.782574799999999868e+02
4.683214280812021679e-02
-1.783317600000000027e+02
6.284793075352838876e-02
-1.782802799999999763e+02
5.876190602763206594e-02
-1.782329999999999472e+02
7.709241207797593032e-02
-1.782783600000000206e+02
1.891323346231487540e-02
-1.783352400000000557e+02
7.329053417734386622e-02
-1.782827999999999804e+02
4.768395956713507300e-02
-1.782451199999999858e+02
2.794325678943060040e-02
-1.782829200000000185e+02
1.090263894660403465e-01
-1.783159199999999771e+02
5.266947503061152058e-02
-1.783300800000000095e+02
4.018548991862761627e-02
-1.782955200000000389e+02
6.785933686678900789e-02
-1.783297200000000089e+02
1.636097796588028772e-02
-1.782538799999999810e+02
3.191842101357893202e-02
-1.783316399999999646e+02
5.567288747676228666e-02
-1.783252799999999354e+02
4.894529190841731547e-02
-1.782635999999999967e+02
2.267333235323027926e-02
-1.783255199999999547e+02
3.802012098876211832e-02
-1.782650399999999991e+02
5.341496419544074226e-02
-1.782871199999999590e+02
2.058411037669668348e-02
-1.783042800000000057e+02
3.135859690738848626e-02
-1.783197599999999454e+02
2.658914064049558088e-02
-1.782888000000000090e+02
2.917258987474483090e-02
-1.783358400000000188e+02
4.929882757226772272e-02
-1.782874799999999880e+02
3.161470543908444925e-02
-1.782876000000000261e+02
2.295735176365165664e-02
-1.782849599999999839e+02
1.980399959604195112e-02
-1.782865200000000243e+02
2.568364460118637699e-02
-1.783143600000000220e+02
4.458464309602747089e-02
-1.782895200000000102e+02
4.167024837939092147e-02
-1.783190399999999443e+02
2.635523477414026747e-02
-1.783077599999999734e+02
1.916096030996431582e-02
-1.783243200000000002e+02
3.478013225966933297e-02
-1.783257599999999456e+02
3.415175544536603464e-02
-1.782979199999999764e+02
3.102504794516960929e-02
-1.782954000000000008e+02
2.394744245217103606e-02
-1.782854399999999941e+02
2.463831163046781986e-02
-1.782943199999999990e+02
1.550927464454795839e-02
-1.783117199999999798e+02
1.596000000000060565e-02
-1.782818400000000167e+02
2.263392144547733686e-02
-1.782905999999999835e+02
3.574409042065690434e-02
-1.782984000000000435e+02
2.618090907512670915e-02
-1.782776399999999910e+02
2.134550069686898949e-02
-1.783397999999999968e+02
1.519078668140717327e-02
-1.782518399999999872e+02
3.591509988848837903e-02
-1.783270800000000236e+02
1.750067427272512799e-02
-1.783018800000000113e+02
1.603201796406239846e-02
-1.782910799999999938e+02
2.614485800305772767e-02
-1.782756000000000540e+02
2.160000000000081646e-02
-1.783036799999999857e+02
1.776000000000067455e-02
-1.782920400000000143e+02
1.914780405164069610e-02
-1.782956399999999917e+02
2.377120947701321513e-02
-1.782904800000000023e+02
2.338738121295416694e-02
-1.783038000000000238e+02
1.495192295325310089e-02
-1.782925199999999961e+02
2.915012178362321252e-02
-1.783192799999999920e+02
1.492251989444198443e-02
-1.782801600000000235e+02
1.291101855006074155e-02
-1.782813599999999781e+02
2.033495512658022378e-02
-1.783042800000000057e+02
3.565615795343206329e-02
-1.782895200000000386e+02
1.842849966763506278e-02
-1.783099199999999769e+02
2.104076044253233579e-02
-1.782979199999999764e+02
2.337506363627789990e-02
-1.783107600000000161e+02
1.886749585928209488e-02
-1.782901200000000301e+02
1.401947217266095655e-02
-1.782981600000000242e+02
1.345713193812164872e-02
-1.782899999999999920e+02
1.314534138012448533e-02
-1.782787200000000212e+02
2.853982480675138628e-02
-1.783174799999999607e+02
1.347477643599380090e-02
-1.782947999999999524e+02
1.138419957660659690e-02
-1.783055999999999699e+02
1.713942822850348865e-02
-1.782859200000000044e+02
1.749038593056262761e-02
-1.782938399999999888e+02
1.058179568882373044e-02
-1.783016400000000488e+02
1.809614323550808035e-02
-1.782905999999999835e+02
1.760568090134611782e-02
-1.782890400000000284e+02
1.266326971994248193e-02
