-8.623799999999999955e+01
1.474439999999999884e+02
-9.809999999999999432e+01
1.731959999999999980e+02
9.578400000000000603e+01
1.001700000000000017e+02
1.419840000000000089e+02
1.108799999999999955e+02
1.139579999999999984e+02
1.476659999999999968e+02
1.711740000000000066e+02
-1.754459999999999980e+02
1.373040000000000020e+02
-3.590400000000000347e+01
-8.951999999999999602e+01
-1.730999999999999943e+02
1.790759999999999934e+02
-1.549199999999999875e+02
-1.602779999999999916e+02
1.785120000000000005e+02
1.740540000000000020e+02
1.753919999999999959e+02
-1.670699999999999932e+02
-1.562100000000000080e+02
-1.680720000000000027e+02
1.742160000000000082e+02
1.756260000000000048e+02
1.788240000000000123e+02
-1.691459999999999866e+02
1.781699999999999875e+02
-1.687199999999999989e+02
-1.752119999999999891e+02
-1.714319999999999879e+02
-1.726500000000000057e+02
-1.776539999999999964e+02
-1.711980000000000075e+02
1.799159999999999968e+02
-1.774139999999999873e+02
-1.771620000000000061e+02
-1.757040000000000077e+02
-1.795140000000000100e+02
-1.764480000000000075e+02
-1.786980000000000075e+02
1.788060000000000116e+02
1.792079999999999984e+02
1.785180000000000007e+02
-1.776419999999999959e+02
1.790519999999999925e+02
-1.757820000000000107e+02
-1.790939999999999941e+02
-1.790699999999999932e+02
-1.761839999999999975e+02
-1.777740000000000009e+02
-1.768019999999999925e+02
-1.782179999999999893e+02
-1.780260000000000105e+02
1.794780000000000086e+02
-1.785120000000000005e+02
1.795740000000000123e+02
-1.777199999999999989e+02
1.799099999999999966e+02
-1.792740000000000009e+02
-1.798139999999999930e+02
-1.781999999999999886e+02
-1.782839999999999918e+02
-1.786140000000000043e+02
-1.794060000000000059e+02
-1.786380000000000052e+02
-1.786620000000000061e+02
-1.786080000000000041e+02
-1.794120000000000061e+02
-1.779240000000000066e+02
-1.784639999999999986e+02
-1.785960000000000036e+02
-1.790219999999999914e+02
-1.779600000000000080e+02
-1.780260000000000105e+02
-1.791059999999999945e+02
-1.777620000000000005e+02
-1.784519999999999982e+02
-1.768739999999999952e+02
-1.782719999999999914e+02
-1.772880000000000109e+02
-1.772700000000000102e+02
-1.776659999999999968e+02
-1.769159999999999968e+02
-1.770000000000000000e+02
-1.763400000000000034e+02
-1.763940000000000055e+02
-1.759619999999999891e+02
-1.765200000000000102e+02
-1.758300000000000125e+02
-1.755840000000000032e+02
-1.747319999999999993e+02
-1.743540000000000134e+02
-1.747500000000000000e+02
-1.739639999999999986e+02
-1.744979999999999905e+02
-1.723019999999999925e+02
-1.733040000000000020e+02
