9.954030000000000308e-06
9.848790000000000617e-06
9.886049999999999986e-06
9.801300000000000501e-06
9.819920000000000333e-06
9.746350000000000290e-06
9.747279999999999280e-06
9.576849999999999626e-06
9.434359999999999573e-06
9.192210000000000544e-06
8.626900000000000361e-06
7.304390000000000042e-06
4.314849999999999862e-06
2.084309999999999954e-06
6.090879999999999865e-06
7.965659999999999557e-06
8.999429999999999317e-06
9.381270000000000730e-06
9.609439999999999258e-06
9.656940000000000074e-06
9.719339999999999680e-06
9.775220000000000575e-06
9.787330000000000701e-06
9.872080000000000186e-06
9.862760000000000418e-06
9.855309999999999329e-06
9.909330000000000549e-06
9.893499999999999381e-06
9.927959999999999387e-06
9.893499999999999381e-06
9.890700000000000018e-06
9.953099999999999624e-06
9.890700000000000018e-06
9.940060000000000508e-06
9.937270000000000150e-06
9.858110000000000386e-06
9.909330000000000549e-06
9.916779999999999944e-06
9.931680000000000429e-06
9.907469999999999181e-06
9.950309999999999266e-06
9.970799999999999471e-06
9.911190000000000223e-06
9.935410000000000476e-06
9.864630000000000791e-06
9.883250000000000623e-06
9.940060000000000508e-06
9.943790000000000555e-06
9.905609999999999508e-06
9.842279999999999218e-06
9.825510000000000054e-06
9.927959999999999387e-06
9.862760000000000418e-06
9.904669999999999818e-06
9.874870000000000544e-06
9.902810000000000144e-06
9.805019999999999849e-06
9.766840000000000496e-06
9.850659999999999297e-06
9.880460000000000265e-06
9.794780000000000096e-06
9.801300000000000501e-06
9.857179999999999702e-06
9.805019999999999849e-06
9.807819999999999212e-06
9.778009999999999239e-06
9.810609999999999570e-06
9.769629999999999160e-06
9.834820000000000817e-06
9.815270000000000301e-06
9.754730000000000369e-06
9.774289999999999891e-06
9.813399999999999928e-06
9.795710000000000780e-06
9.767769999999999486e-06
9.747279999999999280e-06
9.833890000000000133e-06
9.797570000000000454e-06
9.793849999999999412e-06
9.796639999999999770e-06
9.853449999999999655e-06
9.787330000000000701e-06
9.764039999999999438e-06
9.805019999999999849e-06
9.805019999999999849e-06
9.790119999999999365e-06
9.821790000000000707e-06
9.827369999999999728e-06
9.753799999999999685e-06
9.808749999999999896e-06
9.825510000000000054e-06
9.850659999999999297e-06
9.818060000000000659e-06
9.828309999999999418e-06
9.856250000000000712e-06
9.757520000000000727e-06
9.812469999999999244e-06
9.858110000000000386e-06
9.848790000000000617e-06
9.783600000000000654e-06
