9.813494799999998225e-06
9.811143000000000942e-06
9.809983800000000623e-06
9.809389199999999414e-06
9.808273599999999705e-06
9.807976799999998797e-06
9.808971799999998946e-06
9.807722999999998864e-06
9.806298600000000457e-06
9.804064599999999353e-06
9.803933799999999216e-06
9.805757600000000558e-06
9.807220000000001285e-06
9.807779999999998108e-06
9.808607999999999788e-06
9.808516199999999668e-06
9.808767199999999609e-06
9.809435400000001833e-06
9.810496800000000596e-06
9.815415000000000281e-06
9.818165000000001228e-06
9.819384600000000420e-06
9.819913999999998897e-06
9.823684400000001499e-06
9.826804400000001226e-06
9.829246599999999479e-06
9.829032400000000893e-06
9.830689000000000501e-06
9.832851799999999131e-06
9.834535400000000966e-06
9.838362599999999546e-06
9.840588400000000550e-06
9.843337799999998474e-06
9.847053599999998680e-06
9.849063600000000377e-06
9.851541199999999142e-06
9.855090200000000757e-06
9.855958000000000275e-06
9.856683799999997991e-06
9.859269399999998889e-06
9.861813399999999657e-06
9.864645200000000025e-06
9.869525200000000900e-06
9.873679599999998855e-06
9.877581799999999294e-06
9.879956999999999298e-06
9.884482000000000749e-06
9.888375999999999394e-06
9.891970600000000405e-06
9.897354599999999946e-06
