3.373202632515417805e-10
4.467359399017946447e-10
5.065684159124016298e-10
6.350428017074410683e-10
3.539647440073410050e-10
3.162178995566717468e-10
4.475832436544608659e-10
6.331232107575245719e-10
7.834003063565056023e-10
8.242189272276783932e-10
4.970226956588279721e-10
5.100767001146832598e-10
4.861604673355816906e-10
5.501090800921863967e-10
4.390580827183425640e-10
3.752113537730752343e-10
7.939421641409303112e-10
5.190422333493319580e-10
6.438460685597759553e-10
1.261594625860338571e-09
7.693250288400890439e-10
4.947411848634800386e-10
5.758228894369931996e-10
9.478020046400355158e-10
4.686626078531478019e-10
3.888887244446930219e-10
3.258561645883449111e-10
5.070710009453318816e-10
4.316326679019459089e-10
8.783056643334840873e-10
4.942339931649796030e-10
7.262488829594145457e-10
6.453690107223018144e-10
6.151089659566868006e-10
7.920069696663329017e-10
7.404313337511520220e-10
4.581200279404045905e-10
3.227258898821797271e-10
8.809696703065866224e-10
5.598157196791084096e-10
5.570946418697706133e-10
7.086416301629843259e-10
9.175014768379212269e-10
9.604539759928340280e-10
5.731446239825345254e-10
7.021716314404557189e-10
5.898982963187733829e-10
7.037300618842793512e-10
1.133120311352540026e-09
1.544686647835086290e-09
