1.790428800000000535e+02
1.790430000000000348e+02
1.790439600000000553e+02
1.790449200000000189e+02
1.790444400000000371e+02
1.790456400000000201e+02
1.790467200000000219e+02
1.790483999999999583e+02
1.790475599999999758e+02
1.790481599999999958e+02
1.790488799999999969e+02
1.790477999999999952e+02
1.790485200000000248e+02
1.790491200000000163e+02
1.790492399999999975e+02
1.790492399999999975e+02
1.790488799999999969e+02
1.790504399999999805e+02
1.790508000000000095e+02
1.790518799999999828e+02
1.790518799999999828e+02
1.790534399999999664e+02
1.790544000000000153e+02
1.790548799999999687e+02
1.790545199999999681e+02
1.790552400000000546e+02
1.790550000000000068e+02
1.790575200000000109e+02
1.790577599999999734e+02
1.790572800000000200e+02
1.790572799999999916e+02
1.790578800000000115e+02
1.790581199999999740e+02
1.790588399999999751e+02
1.790593200000000138e+02
1.790595599999999763e+02
1.790599199999999769e+02
1.790605200000000252e+02
1.790609999999999786e+02
1.790624399999999810e+02
1.790610000000000355e+02
1.790627999999999815e+02
1.790636399999999639e+02
1.790635199999999827e+02
1.790650799999999663e+02
1.790649599999999850e+02
1.790660399999999584e+02
1.790660399999999868e+02
1.790654400000000237e+02
1.790669999999999789e+02
