-1.725471600000000478e+02
-1.730456399999999917e+02
-1.734675599999999633e+02
-1.738615199999999845e+02
-1.743220799999999997e+02
-1.746446400000000096e+02
-1.749601199999999892e+02
-1.752462000000000160e+02
-1.755845999999999947e+02
-1.758556800000000067e+02
-1.761041999999999916e+02
-1.762669200000000274e+02
-1.764485999999999990e+02
-1.766356799999999510e+02
-1.768636799999999880e+02
-1.769738400000000240e+02
-1.771669200000000046e+02
-1.773208800000000451e+02
-1.774485599999999863e+02
-1.775689200000000483e+02
-1.777059600000000046e+02
-1.778031599999999912e+02
-1.779046800000000133e+02
-1.779984000000000037e+02
-1.781177999999999884e+02
-1.781784000000000106e+02
-1.782994799999999600e+02
-1.783651199999999903e+02
-1.784807999999999879e+02
-1.785045600000000263e+02
-1.785895200000000216e+02
-1.787626800000000458e+02
-1.786210800000000347e+02
-1.787391599999999983e+02
-1.787842800000000238e+02
-1.788717599999999663e+02
-1.788857999999999890e+02
-1.789308000000000050e+02
-1.789470000000000027e+02
-1.791290399999999750e+02
-1.791845999999999606e+02
-1.792081199999999797e+02
-1.792264799999999809e+02
-1.792456799999999930e+02
-1.792498800000000188e+02
-1.792588800000000333e+02
-1.792876799999999946e+02
-1.792736399999999719e+02
-1.792799999999999727e+02
-1.793049600000000225e+02
-1.792824000000000240e+02
-1.792730400000000373e+02
-1.792821600000000331e+02
-1.793072400000000073e+02
-1.793034000000000390e+02
-1.793029200000000003e+02
-1.793156400000000588e+02
-1.792734000000000094e+02
-1.793188799999999787e+02
-1.793247599999999977e+02
-1.793508000000000209e+02
-1.793631600000000219e+02
-1.793620800000000202e+02
-1.793700000000000330e+02
-1.793483999999999980e+02
-1.793744399999999928e+02
-1.793585999999999956e+02
-1.793569200000000023e+02
-1.793586000000000809e+02
-1.793808000000000220e+02
-1.793824799999999868e+02
-1.793804400000000214e+02
-1.793911200000000008e+02
-1.793952000000000169e+02
-1.794153599999999926e+02
-1.794240000000000066e+02
-1.794357599999999593e+02
-1.794405600000000049e+02
-1.794371999999999616e+02
-1.794327600000000302e+02
-1.794446399999999926e+02
-1.794368399999999610e+02
-1.794460799999999949e+02
-1.794398400000000038e+02
-1.794504000000000019e+02
-1.794473999999999876e+02
-1.794551999999999907e+02
-1.794659999999999798e+02
-1.794674399999999821e+02
-1.794581999999999482e+02
-1.794530399999999872e+02
-1.794525599999999486e+02
-1.794680399999999736e+02
-1.794548400000000470e+02
-1.794683999999999742e+02
-1.794724799999999618e+02
-1.794675600000000202e+02
-1.794749999999999943e+02
-1.794843599999999810e+02
-1.794982799999999656e+02
-1.794997199999999680e+02
-1.795076400000000376e+02
-1.795091999999999928e+02
-1.795167600000000334e+02
-1.795315200000000289e+02
-1.795344000000000335e+02
-1.795365600000000370e+02
-1.795370400000000188e+02
-1.795489200000000096e+02
-1.795646400000000256e+02
-1.795609200000000385e+02
-1.795715999999999894e+02
-1.795838400000000092e+02
-1.795777199999999993e+02
-1.795892399999999895e+02
-1.795890000000000555e+02
-1.795911599999999737e+02
-1.795938000000000159e+02
-1.796044799999999952e+02
-1.796094000000000221e+02
-1.796263200000000211e+02
-1.796324399999999741e+02
-1.796466000000000065e+02
-1.796389199999999846e+02
-1.796399999999999864e+02
-1.796491200000000106e+02
-1.796401199999999960e+02
-1.796384399999999744e+02
-1.796445599999999843e+02
-1.796363999999999805e+02
-1.796258399999999540e+02
-1.796179200000000264e+02
-1.796137200000000291e+02
-1.796025600000000111e+02
-1.795970400000000495e+02
-1.795960800000000859e+02
-1.795829999999999984e+02
-1.795736400000000401e+02
-1.795545600000000661e+02
-1.795262400000000014e+02
-1.795127999999999986e+02
-1.795018800000000283e+02
-1.794837600000000464e+02
-1.794778799999999990e+02
-1.794622799999999927e+02
-1.794532800000000066e+02
-1.794283200000000136e+02
-1.794051599999999951e+02
-1.793893199999999979e+02
-1.793595599999999877e+02
-1.793420400000000257e+02
-1.793036400000000015e+02
-1.792619999999999720e+02
-1.792212000000000387e+02
-1.791865199999999732e+02
-1.791514800000000207e+02
-1.791309599999999875e+02
-1.790959200000000067e+02
-1.790569200000000194e+02
-1.790173199999999554e+02
-1.789801199999999994e+02
-1.789379999999999882e+02
-1.788912000000000262e+02
-1.788588000000000022e+02
-1.788109200000000101e+02
-1.787721600000000137e+02
-1.787218799999999703e+02
-1.786778400000000318e+02
-1.786237200000000200e+02
-1.785675600000000429e+02
-1.785211199999999963e+02
-1.784652000000000100e+02
-1.784096399999999676e+02
-1.783579199999999503e+02
-1.782848399999999742e+02
-1.782176400000000172e+02
-1.781510399999999947e+02
-1.780728000000000293e+02
-1.780093200000000309e+02
-1.779222000000000037e+02
-1.778499599999999816e+02
-1.777711199999999678e+02
-1.776944399999999860e+02
-1.776085199999999986e+02
-1.775101200000000290e+02
-1.774172399999999925e+02
-1.773120000000000402e+02
-1.772147999999999968e+02
-1.771155600000000447e+02
-1.769993999999999801e+02
-1.768923599999999965e+02
-1.767702000000000169e+02
-1.766404799999999398e+02
-1.765072800000000370e+02
-1.763569200000000308e+02
-1.762136400000000265e+02
-1.760618400000000179e+02
-1.759171199999999544e+02
-1.757605200000000423e+02
-1.755909600000000523e+02
