-1.733437200000000189e+02
-1.733976000000000113e+02
-1.734463200000000427e+02
-1.734959999999999809e+02
-1.735356000000000165e+02
-1.735548000000000286e+02
-1.735635599999999954e+02
-1.735793999999999926e+02
-1.735848000000000297e+02
-1.735748400000000515e+02
-1.735557600000000207e+02
-1.735351200000000347e+02
-1.735219200000000228e+02
-1.734968400000000202e+02
-1.734462000000000330e+02
-1.733972399999999823e+02
-1.733448000000000206e+02
-1.732833599999999876e+02
-1.732315199999999891e+02
-1.731660000000000252e+02
-1.730976000000000283e+02
-1.730157600000000002e+02
-1.729418399999999849e+02
-1.728604799999999955e+02
-1.727690399999999897e+02
-1.726694400000000371e+02
-1.725646800000000383e+02
-1.724482800000000111e+02
-1.723375200000000120e+02
-1.722173999999999694e+02
-1.721009999999999991e+02
-1.719707999999999686e+02
-1.718355600000000436e+02
-1.716935999999999751e+02
-1.715486400000000060e+02
-1.714048799999999630e+02
-1.712497199999999680e+02
-1.710872400000000084e+02
-1.709311200000000213e+02
-1.707724799999999732e+02
-1.706019599999999912e+02
-1.704273600000000215e+02
-1.702416000000000054e+02
-1.700656800000000430e+02
-1.698768000000000029e+02
-1.696899600000000419e+02
-1.695045599999999695e+02
-1.693086000000000126e+02
-1.690982400000000041e+02
-1.688625600000000020e+02
