7.188991584360348783e-03
1.132077735846835284e-02
1.106605620806298297e-02
7.299315036358140253e-03
3.794733192202199255e-03
2.939387691339925314e-03
2.631805463935456540e-03
3.649657518179070127e-03
2.683281572999849426e-03
2.402998127340185645e-03
2.672526894158511711e-03
5.784945980733314543e-03
3.273163607276729278e-03
6.682394780316662335e-03
9.913626985115359114e-03
1.061237014054864855e-02
7.589466384404398511e-03
1.200959616306938697e-02
1.058723760005453318e-02
1.112834219459526638e-02
1.163443165779962964e-02
1.336047903332861567e-02
1.204551368767687800e-02
1.493216662108160994e-02
1.476341423926107177e-02
1.841755684123238396e-02
1.772956852266923886e-02
1.713480668113948405e-02
1.985773400970085312e-02
1.780898649558767047e-02
2.093131625100696711e-02
2.215942237514410482e-02
2.266729803042345434e-02
2.146625258399879541e-02
2.099691405897622515e-02
2.560362474337737546e-02
2.691025083495237474e-02
2.439308098621502385e-02
2.648821624798568947e-02
2.733367154262406756e-02
2.886517625096916839e-02
2.726298589663385050e-02
3.174901573277628258e-02
2.900030344668937457e-02
3.152142128774181734e-02
3.084280142918395529e-02
2.969993939387868126e-02
3.297817460078835555e-02
3.629796688520373765e-02
3.734603593422072126e-02
