7.291883805985961420e-01
7.190117317540776209e-01
7.184130611284832435e-01
7.264013832585960451e-01
6.594449738985036502e-01
6.599270796080443091e-01
6.037508638503131797e-01
5.938887774659473706e-01
5.503962572547160814e-01
5.230293850253592280e-01
5.192635169160255693e-01
4.859195340794577045e-01
4.507134344569709294e-01
4.526466807566403294e-01
4.299920669035629528e-01
3.445667052981143952e-01
3.739972641611171156e-01
3.942383360354513866e-01
3.641590949022157075e-01
3.472164074464230143e-01
3.312317593468315224e-01
3.065595120037865606e-01
3.045974681444356680e-01
2.835430126100790815e-01
2.825821650423087639e-01
2.714971823058180966e-01
2.491469638586824853e-01
2.448830447376869612e-01
2.318423602364418634e-01
2.119166024642793467e-01
2.082815632743401646e-01
8.744608396034238285e-02
1.765863913216375869e-01
2.052105611317275313e-01
1.742228503956874119e-01
1.662550522540531817e-01
1.667320005277865003e-01
1.544600919331516609e-01
1.507433580626290071e-01
1.509252742253653357e-01
1.476743715070480689e-01
1.242535536715194816e-01
1.175439049887362086e-01
1.156493735391636718e-01
1.193833556238099725e-01
1.114918185339217882e-01
1.087311252585978494e-01
9.686914059699669455e-02
1.039646093629982282e-01
9.077553855527722981e-02
8.791177395548667450e-02
8.124062038168160249e-02
8.207298215613047232e-02
7.567815008310149749e-02
7.639816751729351652e-02
7.243558241638149708e-02
7.203409192875546985e-02
4.383286438279097169e-02
6.559775605918487240e-02
6.036143139456084938e-02
5.940909021353775465e-02
5.943344512982793454e-02
5.498357572948697758e-02
5.168365312166122577e-02
4.467482512556877894e-02
4.799714991538742148e-02
4.547746694793100564e-02
4.289374779615485328e-02
4.150421665325260134e-02
3.605995008316149192e-02
3.783027359139910784e-02
3.917609475177580985e-02
3.554188514977920516e-02
3.529305880764792291e-02
3.104175252784663330e-02
2.754777667979863356e-02
3.009488993168223450e-02
2.938309718188444192e-02
2.773012801990027212e-02
2.689205087010015927e-02
2.546036920392257680e-02
2.494182030245681997e-02
2.287692287000241825e-02
2.198850608840983989e-02
2.286307065991004597e-02
2.089688972072238984e-02
1.908716846470496012e-02
1.908716846470496359e-02
1.665191880835421856e-02
1.735857136978797774e-02
1.707039542600059800e-02
1.656521656966852829e-02
1.572000000000059461e-02
5.629777970755364853e-03
1.330864380769180254e-02
1.297110635219728483e-02
1.408710048235672398e-02
1.288254633215082240e-02
1.272282987389253099e-02
1.223117328795612219e-02
1.124995999992931504e-02
1.006928001398350696e-02
1.032279032045154386e-02
1.183141580707949836e-02
9.587992490610687535e-03
9.372299611088340254e-03
7.920000000000300064e-03
8.170581374663926297e-03
8.627490944649297833e-03
7.509354166638051650e-03
3.537456713516216184e-03
7.099295739719808235e-03
6.546327214553458555e-03
4.931693421128471519e-03
6.703909307262696272e-03
6.708203932499623781e-03
5.629777970755365721e-03
6.148170459575991523e-03
6.331634859971240967e-03
5.909314681077886509e-03
5.504325571754352213e-03
5.604141325836014403e-03
6.029925372672762657e-03
4.902407571795905014e-03
4.800000000000182593e-03
4.684613111026529782e-03
4.407448241329836765e-03
4.618051537174700308e-03
5.946965612814881542e-03
4.647580015449077027e-03
3.119999999986825586e-03
3.686949958977071926e-03
4.630507531578112977e-03
3.510897321198803468e-03
3.862434465463605686e-03
3.273163607276729278e-03
4.529900661162621946e-03
3.266557821316011957e-03
6.847364456490069584e-03
4.641379105395467691e-03
3.794733192202199255e-03
3.496512548240164435e-03
2.672526894158511711e-03
2.542754412050147409e-03
2.912318663882893649e-03
4.431884475028820616e-03
4.333312820464433994e-03
3.796630084693674006e-03
4.032071427938898646e-03
3.131517204168092049e-03
7.924544150927846989e-03
6.166879275614440235e-03
8.049844718999547843e-03
7.589466384404398511e-03
5.640000000000213419e-03
7.877156847492926273e-03
3.671294049786943958e-03
6.170380863447805925e-03
6.538623708396380969e-03
6.152852996781483196e-03
6.058514669455111225e-03
9.295160030898154055e-03
7.589466384404398511e-03
5.754997827975481123e-03
9.725924120617391450e-03
6.868362250202268877e-03
6.176212431579963975e-03
8.960714257245686390e-03
9.960000000000378273e-03
1.092000000000041549e-02
9.390718822327004389e-03
8.653323061113901357e-03
8.851576130837148296e-03
9.251680928350615105e-03
1.252894249328377618e-02
1.028155630242853953e-02
1.069010757663404684e-02
1.099818166789443344e-02
1.248749774774801820e-02
1.326800663249809095e-02
1.422949050388014856e-02
1.107906133208085876e-02
1.313493052893745239e-02
1.574196938124384701e-02
1.481842096851134286e-02
1.624261062760602031e-02
1.429965034537612582e-02
2.068042552753768942e-02
2.007302667760969481e-02
1.983633030578059800e-02
1.575659861772263706e-02
1.856124995791032586e-02
2.135999999999057056e-02
2.410895269396918367e-02
2.636424851953972706e-02
2.472145626778581365e-02
2.461492230335179943e-02
2.255361611804276856e-02
2.634785759791585802e-02
2.689606662692622940e-02
