3.659745599999999588e-07
5.590948999999999992e-07
7.724798000000000083e-07
9.226853200000000821e-07
1.143226199999999874e-06
1.344686799999999992e-06
1.524692799999999916e-06
1.722582400000000140e-06
1.916897199999999815e-06
2.129092000000000282e-06
2.359167999999999754e-06
2.511753199999999460e-06
2.733484599999999788e-06
2.948060599999999579e-06
3.130452000000000297e-06
3.337872999999999306e-06
3.539337800000000047e-06
3.716959599999999719e-06
3.968507400000000791e-06
4.116326000000000169e-06
4.322557200000000512e-06
4.557400600000000250e-06
4.707605399999998877e-06
4.901913999999999566e-06
5.112915199999999866e-06
5.288154799999999129e-06
5.502731999999999884e-06
5.718503199999999293e-06
5.915193599999999364e-06
6.098775000000001591e-06
6.265671800000000192e-06
6.547004000000001971e-06
6.678133399999999672e-06
6.866481999999999321e-06
7.091788399999999018e-06
7.325440000000000459e-06
7.491137999999999935e-06
7.716475999999999064e-06
7.923903199999998541e-06
8.158738000000000963e-06
8.286294600000000500e-06
8.528290599999999936e-06
8.707104600000000627e-06
8.896646000000001353e-06
9.082612599999999201e-06
9.294803999999997075e-06
9.480776000000000112e-06
9.648861000000000045e-06
9.890851800000000947e-06
1.007200799999999967e-05
1.026521199999999905e-05
1.050480400000000243e-05
1.068121999999999834e-05
1.085167599999999913e-05
1.106742799999999835e-05
1.129510000000000304e-05
1.145612000000000002e-05
1.165756800000000080e-05
1.180775999999999620e-05
1.206165600000000140e-05
1.228575199999999885e-05
1.246932000000000075e-05
1.265646400000000141e-05
1.280198800000000093e-05
1.305111599999999819e-05
1.325137199999999995e-05
1.345162799999999833e-05
1.364234799999999775e-05
1.387478800000000022e-05
1.402739799999999841e-05
1.422771999999999903e-05
1.445062399999999915e-05
1.462346399999999969e-05
1.482252799999999735e-05
1.505496800000000151e-05
1.525531799999999867e-05
1.547465199999999808e-05
1.563914800000000207e-05
1.586691199999999829e-05
1.602426399999999990e-05
1.621140800000000394e-05
1.641881599999999645e-05
1.664410399999999971e-05
1.680383200000000083e-05
1.700170399999999777e-05
1.719490000000000032e-05
1.744522800000000359e-05
1.759899599999999775e-05
1.781593999999999938e-05
1.798997200000000232e-05
1.819141999999999802e-05
1.838814799999999896e-05
1.861706400000000326e-05
1.878871200000000138e-05
1.898300799999999957e-05
1.919995199999999781e-05
1.942881600000000321e-05
1.958735200000000023e-05
