-4.786283999999999850e+01
1.686135319082498825e+02
3.018576000000000192e+01
1.755263854625349325e+02
1.769518800000000169e+02
1.112790539859142003e+00
5.770799999999999130e+01
1.687628923843153359e+02
-4.216704000000000008e+01
1.733268402163911617e+02
1.798351199999999892e+02
4.465358502964780207e-01
6.440927999999999543e+01
1.666918583239193481e+02
1.499628000000000227e+01
1.786496782098462006e+02
8.664803999999999462e+01
1.574898707673556828e+02
-1.429570800000000190e+02
1.076530373756058907e+02
4.353899999999999437e+01
1.743061709114166717e+02
5.079263999999999157e+01
1.716180035457539077e+02
1.794604799999999898e+02
3.978589820526853282e-01
2.902139999999999986e+01
1.771634160863918339e+02
2.906423999999999452e+01
1.772467170289548619e+02
-5.001324000000000325e+01
1.725099639621503229e+02
1.079551200000000080e+02
1.437128437863004820e+02
-1.420752000000000415e+01
1.790406659176892106e+02
1.222858799999999917e+02
1.317200473060406978e+02
1.574400000000042710e-01
1.794778818475591606e+02
1.798861200000000053e+02
1.921217988672758725e-01
2.089199999999914459e-01
1.797910800115334098e+02
-8.609508000000001005e+01
1.576535226111792269e+02
-7.883724000000000842e+01
1.614134492814722250e+02
-5.731080000000000751e+01
1.702177431856032968e+02
-1.407191999999999510e+01
1.789759326394294874e+02
-1.075256400000000099e+02
1.437628856325247568e+02
-1.003550399999999883e+02
1.488925512722460098e+02
8.648412000000000432e+01
1.577664127897493813e+02
-1.004320799999999849e+02
1.489333625774748953e+02
-1.792827600000000245e+02
2.094926786310215561e-01
-1.436457599999999957e+02
1.078820033404200416e+02
-1.076469599999999929e+02
1.437812459744260138e+02
-1.075635599999999954e+02
1.437819653226592891e+02
1.453476000000000035e+01
1.792012667365451364e+02
-1.650281999999999982e+02
7.042879879850286784e+01
-1.795046399999999949e+02
2.536635377818396431e-01
-9.316056000000000381e+01
1.535031372985138773e+02
-9.332112000000000762e+01
1.534696512800677510e+02
-1.795640399999999488e+02
2.535029751304684331e-01
-5.723387999999999209e+01
1.702725275379020218e+02
-5.023992000000000502e+01
1.726337186934047452e+02
-1.795412399999999877e+02
1.904646486884072898e-01
-1.795598400000000083e+02
1.679732550140031200e-01
-1.365019200000000126e+02
1.168761189731829120e+02
-1.580000399999999843e+02
8.539435971115655377e+01
-1.509729599999999721e+02
9.759863700133522002e+01
-1.795030800000000397e+02
1.217493884994914621e-01
-1.796466000000000065e+02
8.051856928683494286e-02
-1.436419200000000274e+02
1.078807214688222302e+02
-1.796912400000000218e+02
9.564090338343951558e-02
-1.796122799999999415e+02
1.216499963008565999e-01
-1.796300400000000081e+02
1.054335734005008018e-01
-7.181183999999998946e+01
1.648495727285163355e+02
-2.861087999999999454e+01
1.775201427188069658e+02
-1.795818000000000154e+02
8.558154006558964244e-02
-1.795052400000000432e+02
8.513414356178976294e-02
-1.796056799999999498e+02
1.397989184507454907e-01
-1.795446000000000311e+02
9.490057955565238401e-02
-1.796845200000000489e+02
6.365759656160123459e-02
-1.796621999999999844e+02
1.330174424652580956e-01
-1.794955200000000275e+02
1.405580648699980006e-01
-1.795819199999999682e+02
7.622069010445060855e-02
-1.797013200000000381e+02
6.897954479408638373e-02
-1.796516400000000147e+02
8.671118958933919652e-02
-1.796025599999999258e+02
1.060528472036386533e-01
-1.795945200000000170e+02
8.617545822331748595e-02
-1.795416000000000452e+02
8.410279424608860244e-02
-1.796204399999999737e+02
1.267963974251557491e-01
-1.796399999999999864e+02
1.321308442416007367e-01
-1.796961599999999351e+02
5.765946930035703577e-02
-1.796964000000000397e+02
1.272961900451003436e-01
-1.579381199999999694e+02
8.537867242951016067e+01
-1.796259599999999637e+02
6.117187589079828292e-02
-1.797278399999999863e+02
5.261914480490087476e-02
-1.796709600000000080e+02
5.779168106224408935e-02
-1.796889600000000087e+02
7.623882475484811128e-02
-9.332700000000001239e+01
1.535965467842294743e+02
-1.796759999999999877e+02
1.522629304853872212e-01
-1.796503199999999936e+02
5.243107475533610728e-02
-1.796077200000000573e+02
9.258596869935802054e-02
-8.611895999999998708e+01
1.577418166925891398e+02
-1.797058800000000360e+02
9.961799837378332301e-02
-1.795527599999999779e+02
8.054503336642677980e-02
-1.797064799999999991e+02
8.829456155392430283e-02
-1.796398800000000051e+02
5.881824206824640827e-02
-1.797022800000000018e+02
5.964965716582074778e-02
-1.797429599999999539e+02
8.334913556840006787e-02
-1.796643599999999878e+02
1.341770114438314565e-01
-1.797017999999999915e+02
1.099703596429444374e-01
-1.795415999999999883e+02
1.051695773501016146e-01
-1.796959200000000294e+02
7.702878423030543042e-02
-1.796185200000000179e+02
1.132337829448360200e-01
-1.796683200000000227e+02
7.499798397289467178e-02
-1.797769199999999898e+02
6.188661890910094471e-02
-1.796821200000000260e+02
5.907474587333347987e-02
-1.796944799999999702e+02
6.550549289944229692e-02
-1.796590800000000172e+02
9.192101827111348600e-02
