-1.779103200000000413e+02
2.424981187555936279e-01
-1.783600799999999822e+02
1.768094839085291026e-01
-1.784258399999999938e+02
1.475109975561200160e-01
-1.782467999999999790e+02
8.782983547747423569e-02
-1.783934399999999698e+02
4.164812600826274525e-02
-1.782411599999999794e+02
4.753287704316003920e-02
-1.782840000000000202e+02
3.643734348165492826e-02
-1.782941999999999894e+02
2.486201922612173501e-02
-1.782858000000000231e+02
3.872208672063159191e-02
-1.782486000000000104e+02
3.227196926126570803e-02
-1.782807599999999866e+02
2.026579384085486907e-02
-1.783027199999999652e+02
2.152118955820135626e-02
-1.782988800000000253e+02
2.336890241325085063e-02
-1.783027200000000221e+02
2.374787569447092336e-02
-1.782896399999999915e+02
2.431029411586878991e-02
-1.782935999999999979e+02
1.986353442869697242e-02
-1.783063199999999711e+02
1.241521647012293166e-02
-1.783082400000000121e+02
1.252606881667236646e-02
-1.782870000000000061e+02
9.000000000000341061e-03
-1.782913199999999847e+02
2.177561939417650347e-02
-1.782880800000000079e+02
9.632943475387316032e-03
-1.782901199999999449e+02
1.553015131928914272e-02
-1.782951600000000099e+02
9.749584606536177561e-03
-1.782963599999999929e+02
1.048953764472049244e-02
-1.782921600000000524e+02
1.423707835196587508e-02
-1.783089600000000132e+02
9.323003807786769612e-03
-1.782990000000000066e+02
7.022819946432040834e-03
-1.782923999999999864e+02
8.736131867136951931e-03
-1.783020000000000493e+02
1.169615321377119946e-02
-1.782965999999999553e+02
1.326800663249809269e-02
-1.782894000000000005e+02
6.148170459575991523e-03
-1.782876000000000261e+02
1.073312629199939597e-02
-1.782897600000000295e+02
7.680000000000290761e-03
-1.783070399999999722e+02
1.664326890968300526e-02
-1.782851999999999748e+02
1.025280449438142720e-02
-1.783012800000000482e+02
1.323486305180424961e-02
-1.782949199999999905e+02
5.962683959426551099e-03
-1.782931200000000160e+02
9.542829768994462794e-03
-1.782874799999999595e+02
4.172481276171449011e-03
-1.782842399999999827e+02
5.225169853698735829e-03
-1.783004400000000089e+02
4.771414884497231397e-03
-1.782864000000000431e+02
1.217866987811112509e-02
-1.782939600000000553e+02
6.190185780734121408e-03
-1.782878399999999885e+02
6.322531138713595456e-03
-1.782951600000000383e+02
2.081922188747775595e-03
-1.782962399999999548e+02
8.649994219651575833e-03
-1.782968399999999747e+02
3.396233207540505852e-03
-1.782926400000000342e+02
6.590174504518320209e-03
-1.782892799999999909e+02
7.163909547167933781e-03
-1.782883199999999420e+02
3.802315084261310291e-03
-1.782887999999999806e+02
7.776888838089726988e-03
-1.782877199999999789e+02
4.931693421128471519e-03
-1.782820799999999792e+02
9.557907720835501567e-03
-1.782933600000000069e+02
6.805174501804013044e-03
-1.782873599999999783e+02
6.253830825982019913e-03
-1.782909599999999841e+02
4.999839997440106917e-03
-1.782865199999999959e+02
2.961351043020848256e-03
-1.782765600000000177e+02
6.951719211821178086e-03
-1.782812399999999684e+02
3.438371707654786728e-03
-1.782866399999999771e+02
6.137621689221555051e-03
-1.782907199999999932e+02
6.749933333004367632e-03
-1.782812400000000252e+02
5.394664030317570039e-03
-1.782852000000000032e+02
3.394112549695556778e-03
-1.782867600000000721e+02
6.810462539358359824e-03
-1.782863999999999862e+02
5.499090833947216719e-03
-1.782863999999999862e+02
4.647580015449077027e-03
-1.783010400000000004e+02
2.199636333578886774e-03
-1.782881999999999891e+02
3.649657518179070127e-03
-1.782844800000000305e+02
3.950898631957188399e-03
-1.782897600000000011e+02
4.641379105395467691e-03
-1.782897600000000295e+02
5.225169853698736697e-03
-1.782897600000000295e+02
3.385616635119940727e-03
-1.782868800000000249e+02
4.198285364288775745e-03
-1.782843600000000208e+02
5.552512944604662617e-03
-1.782809999999999775e+02
4.024922359499773922e-03
-1.782828000000000372e+02
5.366563145999698851e-03
-1.782798000000000229e+02
3.649657518179070127e-03
-1.782842399999999827e+02
6.345265951873337203e-03
-1.782790800000000218e+02
2.305124725475912826e-03
-1.782865199999999390e+02
3.811771241824606169e-03
-1.782902399999999830e+02
5.873874360250021937e-03
-1.782839999999999918e+02
0.000000000000000000e+00
-1.782853200000000413e+02
4.206851554310104928e-03
-1.782892799999999625e+02
3.914281543272170663e-03
-1.782932400000000541e+02
3.641757817318582412e-03
-1.782886799999999994e+02
4.843304656946719779e-03
-1.782914399999999944e+02
4.080000000000154683e-03
-1.782910800000000506e+02
5.458351399461403367e-03
-1.782901200000000301e+02
5.160000000000195680e-03
-1.782917999999999950e+02
4.024922359499773922e-03
-1.782907199999999932e+02
3.914281543272169796e-03
-1.782820799999999792e+02
3.877318661136990030e-03
-1.782905999999999835e+02
4.983974317751034208e-03
-1.782926400000000342e+02
3.210981158462437954e-03
-1.782931200000000160e+02
6.263034408336184099e-03
-1.782902400000000398e+02
1.175755076535969952e-03
-1.782951600000000099e+02
6.894519562667409188e-03
-1.782957600000000014e+02
1.175755076535970169e-03
