5.135488800000000242e-06
5.136269999999999021e-06
5.137014199999999955e-06
5.138270200000000744e-06
5.139070000000000926e-06
5.139981399999999360e-06
5.140855600000000071e-06
5.141618199999999141e-06
5.143013200000000167e-06
5.143719999999999263e-06
5.144901799999999402e-06
5.145589999999999637e-06
5.146464199999999500e-06
5.147543000000000396e-06
5.148379999999999995e-06
5.149309999999998985e-06
5.150239999999999669e-06
5.150500399999998132e-06
5.151996800000001068e-06
5.153039999999999879e-06
5.153765399999998684e-06
5.154862799999999288e-06
5.155551000000000370e-06
5.156871599999999173e-06
5.301377400000000787e-06
5.519251800000000315e-06
5.741297599999999327e-06
5.968204599999999626e-06
6.192766000000000569e-06
6.413786799999999875e-06
6.627823199999998915e-06
6.831130999999999496e-06
7.024026800000000659e-06
7.207608400000000223e-06
7.381580199999999938e-06
7.547970199999999882e-06
7.705951999999999095e-06
7.852635599999998695e-06
7.990433800000000400e-06
8.122644199999999354e-06
8.245261799999998293e-06
8.358083200000000540e-06
8.464495399999999426e-06
8.563829599999999868e-06
8.656236400000000137e-06
8.741862000000001176e-06
8.822458000000000768e-06
8.896703800000000111e-06
8.966031000000000012e-06
9.028616000000000701e-06
9.086748999999999624e-06
9.141547800000000235e-06
9.193348000000000194e-06
9.239411199999998279e-06
9.283667999999999695e-06
9.324292400000001047e-06
9.360278000000000643e-06
9.395444999999999624e-06
9.425935799999999248e-06
9.453763800000000839e-06
9.478929199999999193e-06
9.503162800000001346e-06
9.524191199999999642e-06
9.545853800000000494e-06
9.562915600000000216e-06
9.580927600000000205e-06
9.597001600000000486e-06
9.610599000000001393e-06
9.622743800000000701e-06
9.634328799999999676e-06
9.646250200000000907e-06
9.655954199999999417e-06
9.666274599999999441e-06
9.676369800000000787e-06
9.685085200000000341e-06
9.693186400000000432e-06
9.701458999999999707e-06
9.707660800000000349e-06
9.714143000000000007e-06
9.721908599999999051e-06
9.727366799999999242e-06
9.732863599999999694e-06
9.736231599999999490e-06
9.739532399999999463e-06
9.745121799999999549e-06
9.748265800000001632e-06
9.753539600000000375e-06
9.757466200000001233e-06
9.759538799999998771e-06
9.762347399999999684e-06
9.765462600000000633e-06
9.769109199999998844e-06
9.772388799999999842e-06
9.773062399999998785e-06
9.774308600000000447e-06
9.776801000000000382e-06
9.778329000000000209e-06
9.781330800000000611e-06
9.785181799999999975e-06
9.786210400000001729e-06
