3.409436317046546878e-10
8.470329472543003391e-22
4.164473075912135102e-10
3.226979392558364302e-10
8.470329472543003391e-22
3.941269338676888043e-10
2.523026753722157371e-10
4.079298469099087893e-10
4.385815317588870667e-10
8.470329472543003391e-22
4.079298469099087893e-10
0.000000000000000000e+00
3.906000000001590001e-10
2.789999999999511118e-10
0.000000000000000000e+00
8.470329472543003391e-22
0.000000000000000000e+00
4.175689643642789505e-10
4.039279143608475570e-10
0.000000000000000000e+00
3.852490622960008717e-10
1.822420368632024620e-10
4.261795396308183726e-10
3.022142286524047102e-10
3.547814486750968555e-08
3.707374897093626906e-08
3.812655083062196518e-08
3.716212196363390899e-08
3.810720771717613417e-08
3.547193659444039129e-08
3.429486856309558663e-08
3.337646291924894040e-08
3.232103911943430369e-08
2.961588947575275030e-08
2.881781022145854682e-08
2.699123935576131560e-08
2.586198677596140282e-08
2.344766693383377216e-08
2.232727702967826527e-08
2.191333631284837683e-08
2.009681504019970903e-08
1.839614638341416690e-08
1.684517013389889639e-08
1.567624839813395398e-08
1.483471789553143259e-08
1.357592796091677036e-08
1.313669151651221384e-08
1.258169954974279062e-08
1.106644174972249314e-08
9.651008030252670862e-09
9.462111656496041898e-09
8.610825114935317356e-09
8.424150758385031375e-09
7.715267368017833346e-09
6.891568181480910316e-09
6.334497473359550315e-09
5.637875131643177736e-09
5.462485240254622443e-09
5.001962450878460349e-09
4.586067548564897585e-09
4.268234220377457025e-09
3.532011913909680038e-09
3.510702288716778949e-09
3.054871447377015102e-09
3.162454211526182880e-09
2.861019790214752430e-09
2.384402113738275944e-09
2.551483686014705082e-09
1.972499825094960653e-09
1.889527602338677663e-09
1.751029971188511066e-09
1.527126831668063081e-09
1.641692066131620240e-09
1.578371933354044001e-09
1.593313829727006671e-09
1.114909431299204171e-09
1.396441549080911832e-09
1.410307540928584957e-09
1.332971492568652454e-09
8.041393162880184675e-10
1.175126274065970096e-09
4.646278510803361520e-10
3.261678095703647540e-10
9.564090338345458935e-10
5.420984781382577410e-10
5.063164623043349491e-10
8.927999999999310941e-10
6.840259936583477981e-10
4.306211327840282180e-10
3.572943324490157194e-10
8.384862789575014200e-10
4.616398596303584894e-10
8.143135514033095805e-10
4.338228209760191560e-10
7.080226267576039231e-10
5.954905540813488964e-10
5.499499977274728978e-10
7.477107462111889813e-10
7.276886422090783019e-10
6.484842634945564036e-10
