-1.410064799999999821e+02
5.859146695552399503e-03
-1.410291599999999903e+02
5.756248778501716484e-03
-1.410528000000000191e+02
4.647580015449075293e-03
-1.410777599999999836e+02
3.591991091303119686e-03
-1.411017599999999845e+02
5.623379766653004500e-03
-1.411247999999999934e+02
5.230678732249006979e-03
-1.411496399999999767e+02
2.520000000000095948e-03
-1.411738800000000253e+02
5.690834736662316734e-03
-1.411960799999999949e+02
5.011347124277253616e-03
-1.412189999999999657e+02
3.000000000000113687e-03
-1.412440799999999967e+02
5.684505255517180618e-03
-1.412679600000000164e+02
4.586763564868107795e-03
-1.412904000000000053e+02
5.628498911788328875e-03
-1.413141599999999869e+02
3.936292672045762879e-03
-1.413394799999999805e+02
3.996198193283361823e-03
-1.413616800000000069e+02
6.240000000000236677e-03
-1.413838799999999765e+02
4.722880476997241665e-03
-1.414077599999999677e+02
4.149987951789896844e-03
-1.414323600000000170e+02
3.681086796042851942e-03
-1.414575599999999724e+02
3.758510343207940429e-03
-1.414784399999999778e+02
6.096425182022889751e-03
-1.415006400000000326e+02
3.824970588122358992e-03
-1.415263200000000268e+02
2.693993318477339548e-03
-1.415507999999999811e+02
5.499090833947216719e-03
-1.449421199999999885e+02
7.346915989719774442e-01
-1.490594400000000235e+02
6.314321550253813031e-01
-1.525807199999999852e+02
5.357669284306361135e-01
-1.555875599999999963e+02
4.566087673271325142e-01
-1.581866400000000112e+02
4.054049708624684611e-01
-1.604343599999999981e+02
3.515455452711628848e-01
-1.624048799999999630e+02
3.054376951196421941e-01
-1.641024000000000171e+02
2.643107262295654736e-01
-1.655896800000000155e+02
2.333993521841908336e-01
-1.669378800000000069e+02
2.019763986212206042e-01
-1.681200000000000045e+02
1.829478614250544533e-01
-1.691689199999999857e+02
1.700814910564877325e-01
-1.701043200000000013e+02
1.461885686365422266e-01
-1.709320799999999849e+02
1.308409477189816650e-01
-1.716793200000000184e+02
1.161479125942477819e-01
-1.723419600000000287e+02
1.024409996046543592e-01
-1.729478399999999851e+02
9.738323469673178245e-02
-1.734934800000000052e+02
8.756785711663785110e-02
-1.739938799999999901e+02
7.725325624205398034e-02
-1.744502400000000080e+02
7.648020920472918538e-02
-1.748671199999999999e+02
6.057611410449070810e-02
-1.752508799999999667e+02
6.652417305010514814e-02
-1.756088400000000149e+02
5.397346014478061199e-02
-1.759154400000000180e+02
5.027928400444042767e-02
-1.762011599999999873e+02
4.686165169944574854e-02
-1.764625200000000120e+02
4.239398070481394110e-02
-1.767169199999999876e+02
3.818734869037270635e-02
-1.769348399999999799e+02
3.629895866275092281e-02
-1.771405200000000377e+02
2.949389089286230670e-02
-1.773306000000000040e+02
3.120576869746753343e-02
-1.774968000000000075e+02
2.590443977390846295e-02
-1.776491999999999791e+02
2.270506551411026128e-02
-1.777825200000000052e+02
2.270791932344394873e-02
-1.779162000000000319e+02
2.058446015809091076e-02
-1.780393200000000036e+02
1.867880081804039125e-02
-1.781409600000000069e+02
1.736313335776888331e-02
-1.782395999999999958e+02
1.697056274847778129e-02
-1.783322399999999845e+02
1.336047903332861567e-02
-1.784164800000000071e+02
1.274714085589440278e-02
-1.784905199999999468e+02
9.606747628620572813e-03
-1.785411600000000192e+02
9.449571418853172991e-03
-1.785861600000000067e+02
1.002269424855450723e-02
-1.786336799999999982e+02
8.488674808237469879e-03
-1.786749599999999987e+02
6.720000000000254416e-03
-1.787094000000000165e+02
4.529900661162621078e-03
-1.787386799999999596e+02
6.268779785572545747e-03
-1.787544000000000324e+02
3.394112549695556778e-03
-1.787504399999999691e+02
3.353565266995836222e-03
-1.787509200000000078e+02
4.599304295217006462e-03
-1.787602800000000229e+02
2.912318663882893649e-03
-1.787586000000000013e+02
4.983974317751034208e-03
-1.787387999999999693e+02
6.235382907248195224e-03
-1.787105999999999710e+02
7.022819946432042569e-03
-1.786874400000000378e+02
7.451603854205094898e-03
-1.786613999999999862e+02
5.400000000000204116e-03
-1.786270800000000349e+02
3.103804117530732914e-03
-1.785966000000000236e+02
6.029925372672763524e-03
-1.785446400000000438e+02
8.666625640928867988e-03
-1.784874000000000649e+02
7.800000000000295412e-03
-1.784451599999999587e+02
6.789285676711762085e-03
-1.784043600000000254e+02
9.705173877886328834e-03
-1.783442399999999850e+02
8.310379052727091473e-03
-1.782724800000000016e+02
1.168629967098269891e-02
-1.781798399999999560e+02
1.666056421613688887e-02
-1.780894800000000089e+02
1.555794330880590215e-02
-1.779880800000000534e+02
1.437197272471721875e-02
-1.778834400000000358e+02
2.002814020322482222e-02
-1.777675199999999336e+02
1.974866071408462945e-02
-1.776435600000000079e+02
2.263551192264135273e-02
-1.775148000000000081e+02
2.351510153071940251e-02
-1.773673200000000350e+02
2.489211923479887206e-02
-1.772052000000000476e+02
2.829558269412490307e-02
-1.770281999999999982e+02
2.865588944702401192e-02
-1.768393200000000149e+02
2.983852543273657343e-02
-1.766311200000000099e+02
3.620422074840492360e-02
-1.764165600000000325e+02
3.512045557791204642e-02
