1.785360000000000014e+02
-1.745099999999999909e+02
-1.745639999999999930e+02
1.796160000000000139e+02
1.789019999999999868e+02
-1.798979999999999961e+02
-1.798859999999999957e+02
-1.792980000000000018e+02
-1.780680000000000121e+02
-1.789619999999999891e+02
-1.781339999999999861e+02
-1.776899999999999977e+02
-1.795980000000000132e+02
-1.771800000000000068e+02
-1.782059999999999889e+02
-1.795320000000000107e+02
-1.790939999999999941e+02
-1.789019999999999868e+02
-1.779300000000000068e+02
-1.782779999999999916e+02
-1.790399999999999920e+02
-1.786320000000000050e+02
-1.774199999999999875e+02
-1.780080000000000098e+02
-1.790099999999999909e+02
-1.777920000000000016e+02
-1.773720000000000141e+02
-1.780020000000000095e+02
-1.788600000000000136e+02
-1.782059999999999889e+02
-1.784159999999999968e+02
-1.777860000000000014e+02
-1.786380000000000052e+02
-1.782119999999999891e+02
-1.772100000000000080e+02
-1.780080000000000098e+02
-1.778760000000000048e+02
-1.781220000000000141e+02
-1.790639999999999930e+02
-1.782059999999999889e+02
-1.787220000000000084e+02
-1.782659999999999911e+02
-1.780320000000000107e+02
-1.784459999999999980e+02
-1.786800000000000068e+02
-1.782299999999999898e+02
