-1.782779999999999916e+02
-1.788480000000000132e+02
-1.788779999999999859e+02
-1.782239999999999895e+02
-1.779480000000000075e+02
-1.780860000000000127e+02
-1.780680000000000121e+02
-1.785060000000000002e+02
-1.784699999999999989e+02
-1.781579999999999870e+02
-1.785720000000000027e+02
-1.785780000000000030e+02
-1.780980000000000132e+02
-1.780680000000000121e+02
-1.780440000000000111e+02
-1.781040000000000134e+02
-1.783319999999999936e+02
-1.782779999999999916e+02
-1.782179999999999893e+02
-1.782839999999999918e+02
-1.781519999999999868e+02
-1.780680000000000121e+02
-1.781639999999999873e+02
-1.782299999999999898e+02
-1.782599999999999909e+02
-1.781939999999999884e+02
-1.781759999999999877e+02
-1.782359999999999900e+02
-1.782059999999999889e+02
-1.782239999999999895e+02
-1.783079999999999927e+02
-1.781339999999999861e+02
-1.781639999999999873e+02
-1.781879999999999882e+02
-1.782659999999999911e+02
-1.781339999999999861e+02
-1.782359999999999900e+02
-1.782359999999999900e+02
-1.782059999999999889e+02
-1.781459999999999866e+02
-1.781939999999999884e+02
-1.781639999999999873e+02
-1.782359999999999900e+02
-1.781939999999999884e+02
-1.781459999999999866e+02
-1.781759999999999877e+02
-1.782059999999999889e+02
-1.781999999999999886e+02
-1.781699999999999875e+02
-1.782119999999999891e+02
-1.782179999999999893e+02
-1.781699999999999875e+02
-1.782119999999999891e+02
-1.782239999999999895e+02
-1.781639999999999873e+02
-1.781699999999999875e+02
-1.782299999999999898e+02
-1.782359999999999900e+02
-1.782119999999999891e+02
-1.781759999999999877e+02
-1.781519999999999868e+02
-1.781879999999999882e+02
-1.781819999999999879e+02
-1.781699999999999875e+02
-1.781819999999999879e+02
-1.782419999999999902e+02
-1.781579999999999870e+02
-1.781939999999999884e+02
-1.782179999999999893e+02
-1.781639999999999873e+02
-1.782119999999999891e+02
-1.781759999999999877e+02
-1.782299999999999898e+02
-1.781759999999999877e+02
-1.781879999999999882e+02
-1.781819999999999879e+02
-1.781879999999999882e+02
-1.781519999999999868e+02
-1.782059999999999889e+02
-1.782179999999999893e+02
-1.781759999999999877e+02
-1.781879999999999882e+02
-1.781819999999999879e+02
-1.781939999999999884e+02
-1.781939999999999884e+02
-1.781999999999999886e+02
-1.782299999999999898e+02
-1.781999999999999886e+02
-1.781939999999999884e+02
-1.781699999999999875e+02
-1.782119999999999891e+02
-1.782119999999999891e+02
-1.782359999999999900e+02
-1.782179999999999893e+02
-1.781639999999999873e+02
-1.781759999999999877e+02
-1.781579999999999870e+02
-1.781459999999999866e+02
-1.781699999999999875e+02
-1.781699999999999875e+02
