2.987689999999999850e-05
9.268579999999999950e-06
1.332910000000000084e-05
1.839560000000000053e-05
2.317139999999999977e-05
2.797699999999999997e-05
3.299139999999999723e-05
3.785659999999999937e-05
4.275169999999999930e-05
4.767650000000000338e-05
5.216920000000000189e-05
5.742189999999999989e-05
6.237669999999999521e-05
6.729410000000000339e-05
7.219659999999999923e-05
7.704690000000000258e-05
8.197919999999999600e-05
8.686680000000000660e-05
9.184379999999999638e-05
9.672389999999999731e-05
1.016490000000000020e-04
1.065210000000000055e-04
1.113939999999999977e-04
1.163410000000000030e-04
1.212209999999999969e-04
1.261769999999999949e-04
1.310120000000000121e-04
1.359809999999999979e-04
1.408769999999999998e-04
1.456969999999999977e-04
1.506810000000000029e-04
1.556060000000000006e-04
1.604269999999999871e-04
1.653220000000000004e-04
1.702390000000000077e-04
1.751339999999999939e-04
1.800290000000000072e-04
1.849990000000000087e-04
1.898120000000000048e-04
1.948040000000000004e-04
1.996989999999999865e-04
2.046310000000000132e-04
2.094809999999999956e-04
2.143690000000000070e-04
2.184370000000000094e-04
2.184370000000000094e-04
2.184370000000000094e-04
2.184370000000000094e-04
2.184370000000000094e-04
2.184370000000000094e-04
2.184370000000000094e-04
2.184370000000000094e-04
2.184370000000000094e-04
2.184370000000000094e-04
2.184370000000000094e-04
2.184370000000000094e-04
2.184370000000000094e-04
2.184370000000000094e-04
2.184370000000000094e-04
2.184370000000000094e-04
2.184370000000000094e-04
2.184370000000000094e-04
2.184370000000000094e-04
2.184370000000000094e-04
2.184370000000000094e-04
2.184370000000000094e-04
2.184370000000000094e-04
2.184370000000000094e-04
2.184370000000000094e-04
2.184370000000000094e-04
2.184370000000000094e-04
2.184370000000000094e-04
2.184370000000000094e-04
2.184370000000000094e-04
2.184370000000000094e-04
2.184370000000000094e-04
2.184370000000000094e-04
2.184370000000000094e-04
2.184370000000000094e-04
2.184370000000000094e-04
2.184370000000000094e-04
2.184370000000000094e-04
2.184370000000000094e-04
2.184370000000000094e-04
2.184370000000000094e-04
2.184370000000000094e-04
2.184370000000000094e-04
2.184370000000000094e-04
2.184370000000000094e-04
2.184370000000000094e-04
2.184370000000000094e-04
2.184370000000000094e-04
2.184370000000000094e-04
2.184370000000000094e-04
2.184370000000000094e-04
2.184370000000000094e-04
2.184370000000000094e-04
2.184370000000000094e-04
