# sens: 25
# slope: 3
# t_int: 8
# ref_v: 0.1
# freqini: 1freqfini: 100000n_med: 500Los datos estan ordenados de forma freqs, rs, ts.
1.000000000000000000e+00,6.103560000000000224e-05,-1.013100000000000023e+02
2.013987975951903877e+02,0.000000000000000000e+00,-9.000000000000000000e+01
4.017975951903807754e+02,3.051780000000000112e-05,-9.000000000000000000e+01
6.021963927855711063e+02,6.103560000000000224e-05,-9.000000000000000000e+01
8.025951903807615508e+02,6.103560000000000224e-05,-9.000000000000000000e+01
1.002993987975951995e+03,9.155319999999999615e-05,-9.000000000000000000e+01
1.203392785571142213e+03,1.220709999999999905e-04,-9.000000000000000000e+01
1.403791583166332657e+03,1.220709999999999905e-04,-9.000000000000000000e+01
1.604190380761523102e+03,1.831059999999999914e-04,-9.000000000000000000e+01
1.804589178356713546e+03,1.831059999999999914e-04,-9.000000000000000000e+01
2.004987975951903991e+03,2.136240000000000133e-04,-9.000000000000000000e+01
2.205386773547094435e+03,2.441419999999999810e-04,-9.000000000000000000e+01
2.405785571142284425e+03,2.441419999999999810e-04,-9.000000000000000000e+01
2.606184368737474870e+03,2.746599999999999758e-04,-9.000000000000000000e+01
2.806583166332665314e+03,3.051780000000000248e-04,-9.000000000000000000e+01
3.006981963927855759e+03,3.051780000000000248e-04,-9.000000000000000000e+01
3.207380761523046203e+03,3.356950000000000038e-04,-9.000000000000000000e+01
3.407779559118236648e+03,3.662129999999999986e-04,-9.000000000000000000e+01
3.608178356713427092e+03,3.967299999999999776e-04,-9.000000000000000000e+01
3.808577154308617537e+03,3.967299999999999776e-04,-9.000000000000000000e+01
4.008975951903807982e+03,4.272480000000000266e-04,-9.000000000000000000e+01
4.209374749498998426e+03,4.577660000000000214e-04,-9.000000000000000000e+01
4.409773547094188871e+03,4.577660000000000214e-04,-9.197400000000000375e+01
4.610172344689379315e+03,4.882849999999999777e-04,-9.184799999999999898e+01
4.810571142284568850e+03,5.188029999999999725e-04,-9.178799999999999670e+01
5.010969939879759295e+03,5.493199999999999516e-04,-9.173399999999999466e+01
5.211368737474949739e+03,5.493199999999999516e-04,-9.168600000000000705e+01
5.411767535070140184e+03,5.798379999999999463e-04,-9.159000000000000341e+01
5.612166332665330629e+03,6.103550000000000338e-04,-9.154800000000000182e+01
5.812565130260521073e+03,6.103550000000000338e-04,-9.150600000000000023e+01
6.012963927855711518e+03,6.408730000000000286e-04,-9.143399999999999750e+01
6.213362725450901962e+03,6.713900000000000076e-04,-9.139799999999999613e+01
6.413761523046092407e+03,6.713900000000000076e-04,-9.136199999999999477e+01
6.614160320641282851e+03,7.324259999999999972e-04,-9.130200000000000671e+01
6.814559118236473296e+03,7.324259999999999972e-04,-9.127200000000000557e+01
7.014957915831663740e+03,7.629429999999999762e-04,-9.248999999999999488e+01
7.215356713426854185e+03,7.934609999999999710e-04,-9.238800000000000523e+01
7.415755511022044629e+03,7.934609999999999710e-04,-9.233400000000000318e+01
7.616154308617235074e+03,8.239779999999999500e-04,-9.229200000000000159e+01
7.816553106212425519e+03,8.544960000000000533e-04,-9.220199999999999818e+01
8.016951903807615963e+03,8.544960000000000533e-04,-9.215999999999999659e+01
8.217350701402805498e+03,8.850130000000000323e-04,-9.211799999999999500e+01
8.417749498997996852e+03,9.155310000000000271e-04,-9.204600000000000648e+01
8.618148296593186387e+03,9.460490000000000219e-04,-9.201000000000000512e+01
8.818547094188377741e+03,9.460490000000000219e-04,-9.296399999999999864e+01
9.018945891783567276e+03,9.765699999999999555e-04,-9.290999999999999659e+01
9.219344689378758630e+03,1.007089999999999982e-03,-9.281399999999999295e+01
9.419743486973948166e+03,1.007089999999999982e-03,-9.277200000000000557e+01
9.620142284569137701e+03,1.037610000000000008e-03,-9.272400000000000375e+01
9.820541082164329055e+03,1.068120000000000094e-03,-9.264000000000000057e+01
1.002093987975951859e+04,1.098639999999999903e-03,-9.260399999999999920e+01
1.022133867735470994e+04,1.098639999999999903e-03,-9.256199999999999761e+01
1.042173747494989948e+04,1.129159999999999929e-03,-9.331799999999999784e+01
1.062213627254509083e+04,1.159679999999999956e-03,-9.326999999999999602e+01
1.082253507014028037e+04,1.159679999999999956e-03,-9.322199999999999420e+01
1.102293386773547172e+04,1.190190000000000041e-03,-9.313800000000000523e+01
1.122333266533066126e+04,1.220710000000000068e-03,-9.309600000000000364e+01
1.142373146292585261e+04,1.220710000000000068e-03,-9.305400000000000205e+01
1.162413026052104215e+04,1.281749999999999903e-03,-9.297599999999999909e+01
1.182452905811623350e+04,1.281749999999999903e-03,-9.366599999999999682e+01
1.202492785571142304e+04,1.312259999999999989e-03,-9.362399999999999523e+01
1.222532665330661439e+04,1.312259999999999989e-03,-9.357599999999999341e+01
1.242572545090180392e+04,1.342780000000000015e-03,-9.348600000000000421e+01
1.262612424849699528e+04,1.373300000000000042e-03,-9.345000000000000284e+01
1.282652304609218481e+04,1.373300000000000042e-03,-9.408599999999999852e+01
1.302692184368737435e+04,1.403820000000000068e-03,-9.398999999999999488e+01
1.322732064128256570e+04,1.434329999999999937e-03,-9.394199999999999307e+01
1.342771943887775524e+04,1.464849999999999963e-03,-9.390000000000000568e+01
1.362811823647294659e+04,1.464849999999999963e-03,-9.385800000000000409e+01
1.382851703406813613e+04,1.495369999999999989e-03,-9.439799999999999613e+01
1.402891583166332748e+04,1.525890000000000015e-03,-9.434999999999999432e+01
1.422931462925851702e+04,1.525890000000000015e-03,-9.430200000000000671e+01
1.442971342685370837e+04,1.556400000000000101e-03,-9.421200000000000330e+01
1.463011222444889790e+04,1.586919999999999911e-03,-9.417000000000000171e+01
1.483051102204408926e+04,1.586919999999999911e-03,-9.412800000000000011e+01
1.503090981963927879e+04,1.647959999999999963e-03,-9.462000000000000455e+01
1.523130861723447015e+04,1.647959999999999963e-03,-9.457200000000000273e+01
1.543170741482965968e+04,1.678470000000000049e-03,-9.453000000000000114e+01
1.563210621242485104e+04,1.678470000000000049e-03,-9.448199999999999932e+01
1.583250501002004057e+04,1.708990000000000075e-03,-9.494400000000000261e+01
1.603290380761523193e+04,1.739510000000000101e-03,-9.490200000000000102e+01
1.623330260521042146e+04,1.739510000000000101e-03,-9.485399999999999920e+01
1.643370140280561100e+04,1.770029999999999911e-03,-9.476399999999999579e+01
1.663410020040080053e+04,1.800539999999999996e-03,-9.472199999999999420e+01
1.683449899799599370e+04,1.831060000000000023e-03,-9.519599999999999795e+01
1.703489779559118324e+04,1.831060000000000023e-03,-9.514799999999999613e+01
1.723529659318637277e+04,1.861580000000000049e-03,-9.505800000000000693e+01
1.743569539078156231e+04,1.892100000000000075e-03,-9.501600000000000534e+01
1.763609418837675548e+04,1.922609999999999944e-03,-9.546599999999999397e+01
1.783649298597194502e+04,1.922609999999999944e-03,-9.541800000000000637e+01
1.803689178356713455e+04,1.953139999999999911e-03,-9.532800000000000296e+01
1.823729058116232409e+04,1.983659999999999937e-03,-9.528000000000000114e+01
1.843768937875751726e+04,2.014179999999999963e-03,-9.523799999999999955e+01
1.863808817635270680e+04,2.044690000000000049e-03,-9.561599999999999966e+01
1.883848697394789633e+04,2.044690000000000049e-03,-9.557399999999999807e+01
1.903888577154308587e+04,2.075210000000000075e-03,-9.552599999999999625e+01
1.923928456913827540e+04,2.075210000000000075e-03,-9.593999999999999773e+01
1.943968336673346857e+04,2.105730000000000102e-03,-9.584399999999999409e+01
1.964008216432865811e+04,2.136250000000000128e-03,-9.579600000000000648e+01
1.984048096192384764e+04,2.136250000000000128e-03,-9.575400000000000489e+01
2.004087975951903718e+04,2.166760000000000214e-03,-9.571200000000000330e+01
2.024127855711423035e+04,2.197279999999999806e-03,-9.605400000000000205e+01
2.044167735470941989e+04,2.227799999999999832e-03,-9.601200000000000045e+01
2.064207615230460942e+04,2.227799999999999832e-03,-9.639000000000000057e+01
2.084247494989979896e+04,2.258319999999999859e-03,-9.634199999999999875e+01
2.104287374749499213e+04,2.288829999999999944e-03,-9.624599999999999511e+01
2.124327254509018167e+04,2.288829999999999944e-03,-9.620399999999999352e+01
2.144367134268537120e+04,2.319349999999999971e-03,-9.615600000000000591e+01
2.164407014028056074e+04,2.349869999999999997e-03,-9.647400000000000375e+01
2.184446893787575391e+04,2.380390000000000023e-03,-9.642600000000000193e+01
2.204486773547094344e+04,2.380390000000000023e-03,-9.638400000000000034e+01
2.224526653306613298e+04,2.410900000000000109e-03,-9.673199999999999932e+01
2.244566533066132251e+04,2.410900000000000109e-03,-9.668999999999999773e+01
2.264606412825651205e+04,2.441420000000000135e-03,-9.698399999999999466e+01
2.284646292585170522e+04,2.471940000000000161e-03,-9.693600000000000705e+01
2.304686172344689476e+04,2.471940000000000161e-03,-9.688800000000000523e+01
2.324726052104208429e+04,2.502460000000000188e-03,-9.684000000000000341e+01
2.344765931863727383e+04,2.532969999999999840e-03,-9.712199999999999989e+01
2.364805811623246700e+04,2.563489999999999866e-03,-9.707999999999999829e+01
2.384845691382765654e+04,2.563489999999999866e-03,-9.703199999999999648e+01
2.404885571142284607e+04,2.594009999999999892e-03,-9.734999999999999432e+01
2.424925450901803561e+04,2.624529999999999919e-03,-9.726000000000000512e+01
2.444965330661322878e+04,2.624529999999999919e-03,-9.757200000000000273e+01
2.465005210420841831e+04,2.655040000000000004e-03,-9.717000000000000171e+01
2.485045090180360785e+04,2.655040000000000004e-03,-9.747599999999999909e+01
2.505084969939879738e+04,2.716080000000000057e-03,-9.738599999999999568e+01
2.525124849699399056e+04,2.716080000000000057e-03,-9.768600000000000705e+01
2.545164729458918009e+04,2.746600000000000083e-03,-9.763800000000000523e+01
2.565204609218436963e+04,2.777110000000000169e-03,-9.793200000000000216e+01
2.585244488977955916e+04,2.777110000000000169e-03,-9.750600000000000023e+01
2.605284368737474870e+04,2.807630000000000195e-03,-9.779399999999999693e+01
2.625324248496994187e+04,2.838149999999999788e-03,-9.808199999999999363e+01
2.645364128256513141e+04,2.838149999999999788e-03,-9.770399999999999352e+01
2.665404008016032094e+04,2.868669999999999814e-03,-9.798600000000000421e+01
2.685443887775551048e+04,2.899179999999999899e-03,-9.822599999999999909e+01
2.705483767535070365e+04,2.929699999999999926e-03,-9.817799999999999727e+01
2.725523647294589318e+04,2.929699999999999926e-03,-9.812999999999999545e+01
2.745563527054108272e+04,2.960219999999999952e-03,-9.840600000000000591e+01
2.765603406813627225e+04,2.960219999999999952e-03,-9.835800000000000409e+01
2.785643286573146543e+04,2.990739999999999978e-03,-9.826200000000000045e+01
2.805683166332665496e+04,3.021260000000000005e-03,-9.821999999999999886e+01
2.825723046092184450e+04,3.021260000000000005e-03,-9.848399999999999466e+01
2.845762925851703403e+04,3.051770000000000090e-03,-9.843600000000000705e+01
2.865802805611222720e+04,3.082290000000000117e-03,-9.870000000000000284e+01
2.885842685370741674e+04,3.112810000000000143e-03,-9.860399999999999920e+01
2.905882565130260627e+04,3.112810000000000143e-03,-9.886199999999999477e+01
2.925922444889779581e+04,3.143330000000000169e-03,-9.881399999999999295e+01
2.945962324649298534e+04,3.143330000000000169e-03,-9.877200000000000557e+01
2.966002204408817852e+04,3.173839999999999821e-03,-9.867600000000000193e+01
2.986042084168336805e+04,3.204359999999999847e-03,-9.892799999999999727e+01
3.006081963927855759e+04,3.204359999999999847e-03,-9.887999999999999545e+01
3.026121843687374712e+04,3.234879999999999874e-03,-9.883199999999999363e+01
3.046161723446894030e+04,3.265399999999999900e-03,-9.907800000000000296e+01
3.066201603206412983e+04,3.295909999999999986e-03,-9.898799999999999955e+01
3.086241482965931937e+04,3.326430000000000012e-03,-9.922799999999999443e+01
3.106281362725450890e+04,3.326430000000000012e-03,-9.918000000000000682e+01
3.126321242484970207e+04,3.356950000000000038e-03,-9.913200000000000500e+01
3.146361122244489161e+04,3.356950000000000038e-03,-9.936599999999999966e+01
3.166401002004008114e+04,3.387470000000000064e-03,-9.932399999999999807e+01
3.186440881763527068e+04,3.417980000000000150e-03,-9.951000000000000512e+01
3.206480761523046385e+04,3.448500000000000176e-03,-9.973799999999999955e+01
3.226520641282565339e+04,3.448500000000000176e-03,-9.968999999999999773e+01
3.246560521042084292e+04,3.479020000000000203e-03,-9.991200000000000614e+01
3.266600400801603246e+04,3.479020000000000203e-03,-9.986400000000000432e+01
3.286640280561122199e+04,3.509539999999999795e-03,-9.977400000000000091e+01
3.306680160320641153e+04,3.540049999999999881e-03,-9.972599999999999909e+01
3.326720040080160106e+04,3.540049999999999881e-03,-9.994799999999999329e+01
3.346759919839679787e+04,3.570569999999999907e-03,-9.990000000000000568e+01
3.366799799599198741e+04,3.570569999999999907e-03,-1.001159999999999997e+02
3.386839679358717694e+04,3.601089999999999933e-03,-1.000679999999999978e+02
3.406879559118236648e+04,3.631609999999999960e-03,-9.997799999999999443e+01
3.426919438877755601e+04,3.662120000000000045e-03,-1.001880000000000024e+02
3.446959318637274555e+04,3.662120000000000045e-03,-1.001400000000000006e+02
3.466999198396793508e+04,3.692640000000000072e-03,-1.003499999999999943e+02
3.487039078156312462e+04,3.723160000000000098e-03,-1.003080000000000069e+02
3.507078957915832143e+04,3.753680000000000124e-03,-1.002120000000000033e+02
3.527118837675351097e+04,3.753680000000000124e-03,-1.004159999999999968e+02
3.547158717434870050e+04,3.784190000000000210e-03,-1.006200000000000045e+02
3.567198597194389004e+04,3.814709999999999802e-03,-1.005720000000000027e+02
3.587238476953907957e+04,3.814709999999999802e-03,-1.005300000000000011e+02
3.607278356713426911e+04,3.845229999999999829e-03,-1.007279999999999944e+02
3.627318236472945864e+04,3.845229999999999829e-03,-1.009200000000000017e+02
3.647358116232464818e+04,3.875749999999999855e-03,-1.008299999999999983e+02
3.667397995991983771e+04,3.906279999999999822e-03,-1.007819999999999965e+02
3.687437875751503452e+04,3.906279999999999822e-03,-1.009800000000000040e+02
3.707477755511022406e+04,3.936799999999999848e-03,-1.009320000000000022e+02
3.727517635270541359e+04,3.936799999999999848e-03,-1.008840000000000003e+02
3.747557515030060313e+04,3.997829999999999960e-03,-1.013100000000000023e+02
3.767597394789579266e+04,3.997829999999999960e-03,-1.009860000000000042e+02
3.787637274549098220e+04,4.028349999999999986e-03,-1.011719999999999970e+02
3.807677154308617173e+04,4.058870000000000013e-03,-1.013580000000000041e+02
3.827717034068136127e+04,4.058870000000000013e-03,-1.013100000000000023e+02
3.847756913827655080e+04,4.089390000000000039e-03,-1.014959999999999951e+02
3.867796793587174761e+04,4.089390000000000039e-03,-1.014479999999999933e+02
3.887836673346693715e+04,4.119900000000000125e-03,-1.013520000000000039e+02
3.907876553106212668e+04,4.150420000000000151e-03,-1.017600000000000051e+02
3.927916432865731622e+04,4.180940000000000177e-03,-1.014899999999999949e+02
3.947956312625250575e+04,4.180940000000000177e-03,-1.016640000000000015e+02
3.967996192384769529e+04,4.211460000000000203e-03,-1.018439999999999941e+02
3.988036072144288482e+04,4.241970000000000289e-03,-1.015319999999999965e+02
4.008075951903807436e+04,4.241970000000000289e-03,-1.019699999999999989e+02
4.028115831663327117e+04,4.272490000000000315e-03,-1.016580000000000013e+02
4.048155711422846070e+04,4.303010000000000342e-03,-1.020480000000000018e+02
4.068195591182365024e+04,4.303010000000000342e-03,-1.020000000000000000e+02
4.088235470941883978e+04,4.333530000000000368e-03,-1.019579999999999984e+02
4.108275350701402931e+04,4.364039999999999586e-03,-1.021260000000000048e+02
4.128315230460921885e+04,4.394559999999999612e-03,-1.020360000000000014e+02
4.148355110220440838e+04,4.394559999999999612e-03,-1.024140000000000015e+02
4.168394989979959792e+04,4.425079999999999639e-03,-1.021560000000000059e+02
4.188434869739478745e+04,4.425079999999999639e-03,-1.025280000000000058e+02
4.208474749498998426e+04,4.455599999999999665e-03,-1.022279999999999944e+02
4.228514629258517380e+04,4.486109999999999751e-03,-1.025939999999999941e+02
4.248554509018036333e+04,4.486109999999999751e-03,-1.023479999999999990e+02
4.268594388777555287e+04,4.547149999999999803e-03,-1.027079999999999984e+02
4.288634268537074240e+04,4.547149999999999803e-03,-1.024140000000000015e+02
4.308674148296593194e+04,4.577669999999999829e-03,-1.027740000000000009e+02
4.328714028056112147e+04,4.608179999999999915e-03,-1.025280000000000058e+02
4.348753907815631101e+04,4.608179999999999915e-03,-1.028880000000000052e+02
4.368793787575150782e+04,4.638699999999999941e-03,-1.025939999999999941e+02
4.388833667334669735e+04,4.669219999999999968e-03,-1.029479999999999933e+02
4.408873547094188689e+04,4.699739999999999994e-03,-1.026599999999999966e+02
4.428913426853707642e+04,4.699739999999999994e-03,-1.030559999999999974e+02
4.448953306613226596e+04,4.730250000000000080e-03,-1.027680000000000007e+02
4.468993186372745549e+04,4.760770000000000106e-03,-1.031159999999999997e+02
4.489033066132264503e+04,4.791290000000000132e-03,-1.030259999999999962e+02
4.509072945891783456e+04,4.821810000000000158e-03,-1.031700000000000017e+02
4.529112825651302410e+04,4.852320000000000244e-03,-1.030799999999999983e+02
4.549152705410822091e+04,4.882840000000000270e-03,-1.032300000000000040e+02
4.569192585170341044e+04,4.913360000000000297e-03,-1.033319999999999936e+02
4.589232464929859998e+04,4.943880000000000323e-03,-1.032420000000000044e+02
4.609272344689378951e+04,4.943880000000000323e-03,-1.035720000000000027e+02
4.629312224448897905e+04,4.974400000000000349e-03,-1.032960000000000065e+02
4.649352104208416858e+04,5.004909999999999567e-03,-1.036200000000000045e+02
4.669391983967935812e+04,5.065949999999999620e-03,-1.034879999999999995e+02
4.689431863727454765e+04,5.096469999999999646e-03,-1.035840000000000032e+02
4.709471743486974447e+04,5.126979999999999732e-03,-1.036740000000000066e+02
4.729511623246493400e+04,5.157499999999999758e-03,-1.035900000000000034e+02
4.749551503006012354e+04,5.188019999999999785e-03,-1.040340000000000060e+02
4.769591382765531307e+04,5.279569999999999923e-03,-1.036860000000000070e+02
4.789631262525050261e+04,5.310089999999999949e-03,-1.039500000000000028e+02
4.809671142284569214e+04,5.371120000000000061e-03,-1.039500000000000028e+02
4.829711022044088168e+04,5.462680000000000140e-03,-1.039500000000000028e+02
4.849750901803607121e+04,5.523710000000000252e-03,-1.042439999999999998e+02
4.869790781563126075e+04,5.645780000000000416e-03,-1.039920000000000044e+02
4.889830661322645756e+04,5.767849999999999713e-03,-1.043580000000000041e+02
4.909870541082164709e+04,5.950959999999999930e-03,-1.042319999999999993e+02
4.929910420841683663e+04,6.195100000000000259e-03,-1.041119999999999948e+02
4.949950300601202616e+04,6.622339999999999997e-03,-1.045259999999999962e+02
4.969990180360721570e+04,7.476840000000000222e-03,-1.044360000000000070e+02
4.990030060120240523e+04,9.948790000000000758e-03,-1.049159999999999968e+02
5.010069939879759477e+04,1.507580000000000031e-01,1.062660000000000053e+02
5.030109819639278430e+04,9.460490000000000219e-04,1.220040000000000049e+02
5.050149699398798111e+04,2.716080000000000057e-03,-1.045499999999999972e+02
5.070189579158317065e+04,3.540049999999999881e-03,-1.044300000000000068e+02
5.090229458917836018e+04,3.936799999999999848e-03,-1.043880000000000052e+02
5.110269338677354972e+04,4.211460000000000203e-03,-1.046400000000000006e+02
5.130309218436873925e+04,4.394559999999999612e-03,-1.047240000000000038e+02
5.150349098196392879e+04,4.516629999999999777e-03,-1.044959999999999951e+02
5.170388977955911832e+04,4.608179999999999915e-03,-1.050360000000000014e+02
5.190428857715430786e+04,4.699739999999999994e-03,-1.047240000000000038e+02
5.210468737474949739e+04,4.760770000000000106e-03,-1.047120000000000033e+02
5.230508617234469421e+04,4.821810000000000158e-03,-1.051320000000000050e+02
5.250548496993988374e+04,4.882840000000000270e-03,-1.047960000000000065e+02
5.270588376753507328e+04,4.943880000000000323e-03,-1.048319999999999936e+02
5.290628256513026281e+04,4.974400000000000349e-03,-1.052879999999999967e+02
5.310668136272545235e+04,5.004909999999999567e-03,-1.049579999999999984e+02
5.330708016032064188e+04,5.065949999999999620e-03,-1.050420000000000016e+02
5.350747895791583142e+04,5.096469999999999646e-03,-1.053539999999999992e+02
5.370787775551102095e+04,5.126979999999999732e-03,-1.052519999999999953e+02
5.390827655310621776e+04,5.157499999999999758e-03,-1.051560000000000059e+02
5.410867535070140730e+04,5.188019999999999785e-03,-1.056419999999999959e+02
5.430907414829659683e+04,5.188019999999999785e-03,-1.053659999999999997e+02
5.450947294589178637e+04,5.249049999999999896e-03,-1.052699999999999960e+02
5.470987174348697590e+04,5.279569999999999923e-03,-1.057439999999999998e+02
5.491027054108216544e+04,5.279569999999999923e-03,-1.056959999999999980e+02
5.511066933867735497e+04,5.310089999999999949e-03,-1.054260000000000019e+02
5.531106813627254451e+04,5.340609999999999975e-03,-1.057259999999999991e+02
5.551146693386773404e+04,5.340609999999999975e-03,-1.058460000000000036e+02
5.571186573146293085e+04,5.371120000000000061e-03,-1.055819999999999936e+02
5.591226452905812039e+04,5.401640000000000087e-03,-1.057019999999999982e+02
5.611266332665330992e+04,5.432160000000000113e-03,-1.059959999999999951e+02
5.631306212424849946e+04,5.462680000000000140e-03,-1.057319999999999993e+02
5.651346092184368899e+04,5.462680000000000140e-03,-1.056839999999999975e+02
5.671385971943887853e+04,5.493190000000000225e-03,-1.061340000000000003e+02
5.691425851703406806e+04,5.523710000000000252e-03,-1.060859999999999985e+02
5.711465731462925760e+04,5.523710000000000252e-03,-1.058760000000000048e+02
5.731505611222445441e+04,5.554230000000000278e-03,-1.061580000000000013e+02
5.751545490981964394e+04,5.584750000000000304e-03,-1.064399999999999977e+02
5.771585370741483348e+04,5.584750000000000304e-03,-1.062240000000000038e+02
5.791625250501002301e+04,5.615260000000000390e-03,-1.061280000000000001e+02
5.811665130260521255e+04,5.645780000000000416e-03,-1.064579999999999984e+02
5.831705010020040208e+04,5.645780000000000416e-03,-1.065720000000000027e+02
5.851744889779559162e+04,5.676299999999999575e-03,-1.061520000000000010e+02
5.871784769539078115e+04,5.706819999999999601e-03,-1.062660000000000053e+02
5.891824649298597069e+04,5.706819999999999601e-03,-1.067459999999999951e+02
5.911864529058116750e+04,5.737329999999999687e-03,-1.066979999999999933e+02
5.931904408817635704e+04,5.737329999999999687e-03,-1.064459999999999980e+02
5.951944288577154657e+04,5.767849999999999713e-03,-1.065540000000000020e+02
5.971984168336673611e+04,5.798369999999999740e-03,-1.068719999999999999e+02
5.992024048096192564e+04,5.798369999999999740e-03,-1.068239999999999981e+02
6.012063927855711518e+04,5.828889999999999766e-03,-1.065720000000000027e+02
6.032103807615230471e+04,5.828889999999999766e-03,-1.068900000000000006e+02
6.052143687374749425e+04,5.859399999999999852e-03,-1.069980000000000047e+02
6.072183567134269106e+04,5.859399999999999852e-03,-1.069500000000000028e+02
6.092223446893788059e+04,5.889919999999999878e-03,-1.066979999999999933e+02
6.112263326653307013e+04,5.920439999999999904e-03,-1.070100000000000051e+02
6.132303206412825966e+04,5.920439999999999904e-03,-1.072680000000000007e+02
6.152343086172344920e+04,5.950959999999999930e-03,-1.070699999999999932e+02
6.172382965931863873e+04,5.950959999999999930e-03,-1.068659999999999997e+02
6.192422845691382827e+04,5.981479999999999957e-03,-1.071239999999999952e+02
6.212462725450901780e+04,6.011990000000000042e-03,-1.074300000000000068e+02
6.232502605210420734e+04,6.011990000000000042e-03,-1.073340000000000032e+02
6.252542484969940415e+04,6.042510000000000069e-03,-1.071359999999999957e+02
6.272582364729459368e+04,6.042510000000000069e-03,-1.072439999999999998e+02
6.292622244488978322e+04,6.073030000000000095e-03,-1.075379999999999967e+02
6.312662124248497275e+04,6.073030000000000095e-03,-1.074959999999999951e+02
6.332702004008016229e+04,6.103550000000000121e-03,-1.072500000000000000e+02
6.352741883767535182e+04,6.103550000000000121e-03,-1.074000000000000057e+02
6.372781763527054136e+04,6.134060000000000207e-03,-1.076520000000000010e+02
6.392821643286573089e+04,6.164580000000000233e-03,-1.077960000000000065e+02
6.412861523046092771e+04,6.164580000000000233e-03,-1.075559999999999974e+02
6.432901402805611724e+04,6.195100000000000259e-03,-1.073640000000000043e+02
6.452941282565130678e+04,6.195100000000000259e-03,-1.076580000000000013e+02
6.472981162324649631e+04,6.225620000000000286e-03,-1.079039999999999964e+02
6.493021042084168585e+04,6.225620000000000286e-03,-1.078559999999999945e+02
6.513060921843687538e+04,6.256130000000000371e-03,-1.076640000000000015e+02
6.533100801603206492e+04,6.256130000000000371e-03,-1.077600000000000051e+02
6.553140681362725445e+04,6.286650000000000398e-03,-1.080540000000000020e+02
6.573180561122244399e+04,6.286650000000000398e-03,-1.081500000000000057e+02
6.593220440881763352e+04,6.286650000000000398e-03,-1.079579999999999984e+02
6.613260320641282306e+04,6.347689999999999583e-03,-1.078679999999999950e+02
6.633300200400801259e+04,6.347689999999999583e-03,-1.080060000000000002e+02
6.653340080160320213e+04,6.347689999999999583e-03,-1.082939999999999969e+02
6.673379959919840621e+04,6.378199999999999668e-03,-1.083900000000000006e+02
6.693419839679359575e+04,6.408719999999999695e-03,-1.081560000000000059e+02
6.713459719438878528e+04,6.408719999999999695e-03,-1.079639999999999986e+02
6.733499599198397482e+04,6.408719999999999695e-03,-1.082459999999999951e+02
6.753539478957916435e+04,6.439239999999999721e-03,-1.085280000000000058e+02
6.773579358717435389e+04,6.439239999999999721e-03,-1.086239999999999952e+02
6.793619238476954342e+04,6.469759999999999747e-03,-1.082519999999999953e+02
6.813659118236473296e+04,6.500269999999999833e-03,-1.082039999999999935e+02
6.833698997995992249e+04,6.500269999999999833e-03,-1.084800000000000040e+02
6.853738877755511203e+04,6.530789999999999859e-03,-1.087560000000000002e+02
6.873778757515030156e+04,6.530789999999999859e-03,-1.088520000000000039e+02
6.893818637274549110e+04,6.561309999999999885e-03,-1.084800000000000040e+02
6.913858517034068063e+04,6.561309999999999885e-03,-1.084320000000000022e+02
6.933898396793587017e+04,6.591829999999999912e-03,-1.086599999999999966e+02
6.953938276553105970e+04,6.591829999999999912e-03,-1.089839999999999947e+02
6.973978156312624924e+04,6.622339999999999997e-03,-1.090739999999999981e+02
6.994018036072143877e+04,6.622339999999999997e-03,-1.087560000000000002e+02
7.014057915831664286e+04,6.652860000000000024e-03,-1.086599999999999966e+02
7.034097795591183240e+04,6.652860000000000024e-03,-1.087980000000000018e+02
7.054137675350702193e+04,6.652860000000000024e-03,-1.090679999999999978e+02
7.074177555110221147e+04,6.713900000000000076e-03,-1.092900000000000063e+02
7.094217434869740100e+04,6.713900000000000076e-03,-1.091099999999999994e+02
7.114257314629259054e+04,6.713900000000000076e-03,-1.089300000000000068e+02
7.134297194388778007e+04,6.744410000000000162e-03,-1.088820000000000050e+02
7.154337074148296961e+04,6.744410000000000162e-03,-1.091520000000000010e+02
7.174376953907815914e+04,6.774930000000000188e-03,-1.093679999999999950e+02
7.194416833667334868e+04,6.774930000000000188e-03,-1.094579999999999984e+02
7.214456713426853821e+04,6.805450000000000214e-03,-1.091460000000000008e+02
7.234496593186372775e+04,6.805450000000000214e-03,-1.090979999999999990e+02
7.254536472945891728e+04,6.835970000000000241e-03,-1.091820000000000022e+02
7.274576352705410682e+04,6.835970000000000241e-03,-1.095780000000000030e+02
7.294616232464929635e+04,6.835970000000000241e-03,-1.097099999999999937e+02
7.314656112224448589e+04,6.866480000000000326e-03,-1.095300000000000011e+02
7.334695991983967542e+04,6.897000000000000353e-03,-1.093080000000000069e+02
7.354735871743487951e+04,6.897000000000000353e-03,-1.092660000000000053e+02
7.374775751503006904e+04,6.927520000000000379e-03,-1.095240000000000009e+02
7.394815631262525858e+04,6.927520000000000379e-03,-1.097819999999999965e+02
7.414855511022044811e+04,6.958040000000000405e-03,-1.098659999999999997e+02
7.434895390781563765e+04,6.958040000000000405e-03,-1.096919999999999931e+02
7.454935270541082718e+04,6.958040000000000405e-03,-1.095180000000000007e+02
7.474975150300601672e+04,6.988560000000000431e-03,-1.094699999999999989e+02
7.495015030060120625e+04,6.988560000000000431e-03,-1.097279999999999944e+02
7.515054909819639579e+04,6.988560000000000431e-03,-1.099800000000000040e+02
7.535094789579158532e+04,7.049589999999999676e-03,-1.100639999999999930e+02
7.555134669338677486e+04,7.049589999999999676e-03,-1.100160000000000053e+02
7.575174549098196439e+04,7.049589999999999676e-03,-1.097159999999999940e+02
7.595214428857715393e+04,7.080109999999999702e-03,-1.096740000000000066e+02
7.615254308617234346e+04,7.080109999999999702e-03,-1.098780000000000001e+02
7.635294188376753300e+04,7.110629999999999729e-03,-1.101299999999999955e+02
7.655334068136272253e+04,7.110629999999999729e-03,-1.103820000000000050e+02
7.675373947895791207e+04,7.141139999999999814e-03,-1.103400000000000034e+02
7.695413827655310160e+04,7.141139999999999814e-03,-1.099920000000000044e+02
7.715453707414830569e+04,7.171659999999999840e-03,-1.098239999999999981e+02
7.735493587174349523e+04,7.171659999999999840e-03,-1.100759999999999934e+02
7.755533466933868476e+04,7.171659999999999840e-03,-1.103220000000000027e+02
7.775573346693387430e+04,7.202179999999999867e-03,-1.105739999999999981e+02
7.795613226452906383e+04,7.232699999999999893e-03,-1.105259999999999962e+02
7.815653106212425337e+04,7.232699999999999893e-03,-1.103520000000000039e+02
7.835692985971944290e+04,7.263209999999999979e-03,-1.101419999999999959e+02
7.855732865731463244e+04,7.263209999999999979e-03,-1.101419999999999959e+02
7.875772745490982197e+04,7.263209999999999979e-03,-1.103400000000000034e+02
7.895812625250501151e+04,7.293730000000000005e-03,-1.105859999999999985e+02
7.915852505010020104e+04,7.293730000000000005e-03,-1.108319999999999936e+02
7.935892384769539058e+04,7.324250000000000031e-03,-1.107840000000000060e+02
7.955932264529058011e+04,7.324250000000000031e-03,-1.104959999999999951e+02
7.975972144288576965e+04,7.324250000000000031e-03,-1.102800000000000011e+02
7.996012024048095918e+04,7.354770000000000058e-03,-1.104060000000000059e+02
8.016051903807614872e+04,7.354770000000000058e-03,-1.106460000000000008e+02
8.036091783567133825e+04,7.354770000000000058e-03,-1.108859999999999957e+02
8.056131663326654234e+04,7.385280000000000143e-03,-1.109639999999999986e+02
8.076171543086173187e+04,7.415800000000000169e-03,-1.109159999999999968e+02
8.096211422845692141e+04,7.415800000000000169e-03,-1.107540000000000049e+02
8.116251302605211094e+04,7.446320000000000196e-03,-1.105859999999999985e+02
8.136291182364730048e+04,7.446320000000000196e-03,-1.106640000000000015e+02
8.156331062124249001e+04,7.446320000000000196e-03,-1.107780000000000058e+02
8.176370941883767955e+04,7.476840000000000222e-03,-1.111380000000000052e+02
8.196410821643286909e+04,7.476840000000000222e-03,-1.112579999999999956e+02
8.216450701402805862e+04,7.507350000000000308e-03,-1.112099999999999937e+02
8.236490581162324816e+04,7.507350000000000308e-03,-1.110480000000000018e+02
8.256530460921843769e+04,7.537870000000000334e-03,-1.108379999999999939e+02
8.276570340681362723e+04,7.537870000000000334e-03,-1.107960000000000065e+02
8.296610220440881676e+04,7.537870000000000334e-03,-1.110300000000000011e+02
8.316650100200400630e+04,7.568390000000000360e-03,-1.112639999999999958e+02
8.336689979959919583e+04,7.598910000000000386e-03,-1.114980000000000047e+02
8.356729859719438537e+04,7.598910000000000386e-03,-1.114500000000000028e+02
8.376769739478957490e+04,7.598910000000000386e-03,-1.112879999999999967e+02
8.396809619238477899e+04,7.629419999999999605e-03,-1.111260000000000048e+02
8.416849498997996852e+04,7.629419999999999605e-03,-1.110840000000000032e+02
8.436889378757515806e+04,7.659939999999999631e-03,-1.110360000000000014e+02
8.456929258517034759e+04,7.659939999999999631e-03,-1.112699999999999960e+02
8.476969138276553713e+04,7.659939999999999631e-03,-1.116179999999999950e+02
8.497009018036072666e+04,7.690459999999999657e-03,-1.117319999999999993e+02
8.517048897795591620e+04,7.690459999999999657e-03,-1.116839999999999975e+02
8.537088777555110573e+04,7.690459999999999657e-03,-1.115280000000000058e+02
8.557128657314629527e+04,7.720979999999999684e-03,-1.113659999999999997e+02
8.577168537074148480e+04,7.720979999999999684e-03,-1.112039999999999935e+02
8.597208416833667434e+04,7.751489999999999769e-03,-1.113900000000000006e+02
8.617248296593186387e+04,7.782009999999999796e-03,-1.116179999999999950e+02
8.637288176352705341e+04,7.782009999999999796e-03,-1.118460000000000036e+02
8.657328056112224294e+04,7.782009999999999796e-03,-1.119599999999999937e+02
8.677367935871743248e+04,7.812559999999999644e-03,-1.119120000000000061e+02
8.697407815631262201e+04,7.812559999999999644e-03,-1.117560000000000002e+02
8.717447695390781155e+04,7.812559999999999644e-03,-1.115999999999999943e+02
8.737487575150301564e+04,7.843080000000000537e-03,-1.114380000000000024e+02
8.757527454909820517e+04,7.843080000000000537e-03,-1.115100000000000051e+02
8.777567334669339471e+04,7.873589999999999756e-03,-1.117319999999999993e+02
8.797607214428858424e+04,7.873589999999999756e-03,-1.120739999999999981e+02
8.817647094188377378e+04,7.873589999999999756e-03,-1.121820000000000022e+02
8.837686973947896331e+04,7.904110000000000649e-03,-1.121400000000000006e+02
8.857726853707415285e+04,7.904110000000000649e-03,-1.120919999999999987e+02
8.877766733466934238e+04,7.904110000000000649e-03,-1.118220000000000027e+02
8.897806613226453192e+04,7.934629999999999808e-03,-1.117800000000000011e+02
8.917846492985972145e+04,7.965150000000000702e-03,-1.117379999999999995e+02
8.937886372745491099e+04,7.965150000000000702e-03,-1.118460000000000036e+02
8.957926252505010052e+04,7.965150000000000702e-03,-1.121820000000000022e+02
8.977966132264529006e+04,7.995669999999999861e-03,-1.123979999999999961e+02
8.998006012024047959e+04,7.995669999999999861e-03,-1.125120000000000005e+02
9.018045891783566913e+04,8.026180000000000814e-03,-1.124639999999999986e+02
9.038085771543085866e+04,8.026180000000000814e-03,-1.122000000000000028e+02
9.058125651302604820e+04,8.026180000000000814e-03,-1.120019999999999953e+02
9.078165531062125228e+04,8.056699999999999973e-03,-1.119539999999999935e+02
9.098205410821644182e+04,8.056699999999999973e-03,-1.120679999999999978e+02
9.118245290581163135e+04,8.056699999999999973e-03,-1.121760000000000019e+02
9.138285170340682089e+04,8.087220000000000866e-03,-1.123919999999999959e+02
9.158325050100201042e+04,8.087220000000000866e-03,-1.126080000000000041e+02
9.178364929859719996e+04,8.117740000000000025e-03,-1.126740000000000066e+02
9.198404809619238949e+04,8.117740000000000025e-03,-1.126740000000000066e+02
9.218444689378757903e+04,8.148249999999999243e-03,-1.124759999999999991e+02
9.238484569138276856e+04,8.148249999999999243e-03,-1.123259999999999934e+02
9.258524448897795810e+04,8.148249999999999243e-03,-1.121700000000000017e+02
9.278564328657314763e+04,8.178770000000000137e-03,-1.122360000000000042e+02
9.298604208416833717e+04,8.178770000000000137e-03,-1.124519999999999982e+02
9.318644088176352670e+04,8.209289999999999296e-03,-1.126620000000000061e+02
9.338683967935871624e+04,8.209289999999999296e-03,-1.128780000000000001e+02
9.358723847695390577e+04,8.209289999999999296e-03,-1.129860000000000042e+02
9.378763727454909531e+04,8.239810000000000190e-03,-1.129380000000000024e+02
9.398803607214428484e+04,8.239810000000000190e-03,-1.127879999999999967e+02
9.418843486973948893e+04,8.239810000000000190e-03,-1.126380000000000052e+02
9.438883366733467847e+04,8.270319999999999408e-03,-1.124879999999999995e+02
9.458923246492986800e+04,8.270319999999999408e-03,-1.124399999999999977e+02
9.478963126252505754e+04,8.270319999999999408e-03,-1.125480000000000018e+02
9.499003006012024707e+04,8.300840000000000302e-03,-1.128659999999999997e+02
9.519042885771543661e+04,8.331359999999999461e-03,-1.129740000000000038e+02
9.539082765531062614e+04,8.331359999999999461e-03,-1.131839999999999975e+02
9.559122645290581568e+04,8.331359999999999461e-03,-1.131419999999999959e+02
9.579162525050100521e+04,8.361880000000000354e-03,-1.130939999999999941e+02
9.599202404809619475e+04,8.361880000000000354e-03,-1.129440000000000026e+02
9.619242284569138428e+04,8.361880000000000354e-03,-1.126919999999999931e+02
9.639282164328657382e+04,8.392389999999999572e-03,-1.126020000000000039e+02
9.659322044088176335e+04,8.392389999999999572e-03,-1.126020000000000039e+02
9.679361923847695289e+04,8.392389999999999572e-03,-1.127039999999999935e+02
9.699401803607214242e+04,8.422910000000000466e-03,-1.130220000000000056e+02
9.719441683366733196e+04,8.422910000000000466e-03,-1.131239999999999952e+02
9.739481563126252149e+04,8.453429999999999625e-03,-1.132860000000000014e+02
9.759521442885772558e+04,8.453429999999999625e-03,-1.132860000000000014e+02
9.779561322645291511e+04,8.453429999999999625e-03,-1.132439999999999998e+02
9.799601202404810465e+04,8.483950000000000519e-03,-1.132019999999999982e+02
9.819641082164329418e+04,8.514459999999999737e-03,-1.129020000000000010e+02
9.839680961923848372e+04,8.514459999999999737e-03,-1.126560000000000059e+02
9.859720841683367325e+04,8.514459999999999737e-03,-1.126080000000000041e+02
9.879760721442886279e+04,8.544980000000000631e-03,-1.127159999999999940e+02
9.899800601202405232e+04,8.544980000000000631e-03,-1.130220000000000056e+02
9.919840480961924186e+04,8.544980000000000631e-03,-1.131239999999999952e+02
9.939880360721443139e+04,8.575499999999999790e-03,-1.132259999999999991e+02
9.959920240480962093e+04,8.575499999999999790e-03,-1.132860000000000014e+02
9.979960120240481046e+04,8.575499999999999790e-03,-1.133880000000000052e+02
1.000000000000000000e+05,8.606020000000000683e-03,-1.133460000000000036e+02
