# sens: 22
# slope: 3
# t_int: 8
# ref_v: 0.1
# freqini: 50000freqfini: 50300n_med: 100Los datos estan ordenados de forma freqs, rs, ts.
5.000000000000000000e+04,1.500139999999999980e-02,-1.057439999999999998e+02
5.000303030303030391e+04,1.545909999999999992e-02,-1.058100000000000023e+02
5.000606060606060782e+04,1.581199999999999967e-02,-1.058580000000000041e+02
5.000909090909091174e+04,1.618779999999999872e-02,-1.059180000000000064e+02
5.001212121212121565e+04,1.659410000000000052e-02,-1.059779999999999944e+02
5.001515151515151229e+04,1.702700000000000047e-02,-1.060499999999999972e+02
5.001818181818181620e+04,1.749619999999999995e-02,-1.061159999999999997e+02
5.002121212121212011e+04,1.800739999999999980e-02,-1.061940000000000026e+02
5.002424242424242402e+04,1.855479999999999977e-02,-1.062720000000000056e+02
5.002727272727272793e+04,1.915559999999999832e-02,-1.063679999999999950e+02
5.003030303030303185e+04,1.980979999999999894e-02,-1.064699999999999989e+02
5.003333333333333576e+04,2.052700000000000011e-02,-1.065840000000000032e+02
5.003636363636363967e+04,2.132049999999999917e-02,-1.067099999999999937e+02
5.003939393939393631e+04,2.219780000000000017e-02,-1.068479999999999990e+02
5.004242424242424022e+04,2.317630000000000037e-02,-1.069980000000000047e+02
5.004545454545454413e+04,2.427299999999999944e-02,-1.071779999999999973e+02
5.004848484848484804e+04,2.551089999999999955e-02,-1.073700000000000045e+02
5.005151515151515196e+04,2.692040000000000058e-02,-1.076039999999999992e+02
5.005454545454545587e+04,2.853599999999999887e-02,-1.078679999999999950e+02
5.005757575757575978e+04,3.040709999999999941e-02,-1.081740000000000066e+02
5.006060606060606369e+04,3.260060000000000041e-02,-1.085340000000000060e+02
5.006363636363636033e+04,3.521939999999999793e-02,-1.089659999999999940e+02
5.006666666666666424e+04,3.837229999999999808e-02,-1.095000000000000000e+02
5.006969696969696815e+04,4.226710000000000189e-02,-1.101539999999999964e+02
5.007272727272727207e+04,4.718610000000000165e-02,-1.110000000000000000e+02
5.007575757575757598e+04,5.358910000000000062e-02,-1.120979999999999990e+02
5.007878787878787989e+04,5.460949999999999832e-02,-1.136159999999999997e+02
5.008181818181818380e+04,5.460949999999999832e-02,-1.157939999999999969e+02
5.008484848484848771e+04,5.460949999999999832e-02,-1.192019999999999982e+02
5.008787878787878435e+04,5.460949999999999832e-02,-1.252439999999999998e+02
5.009090909090908826e+04,5.460949999999999832e-02,-1.373820000000000050e+02
5.009393939393939218e+04,5.460949999999999832e-02,-1.681800000000000068e+02
5.009696969696969609e+04,5.460949999999999832e-02,1.385759999999999934e+02
5.010000000000000000e+04,5.460949999999999832e-02,1.097819999999999965e+02
5.010303030303030391e+04,5.460949999999999832e-02,9.812999999999999545e+01
5.010606060606060782e+04,5.460949999999999832e-02,9.232200000000000273e+01
5.010909090909091174e+04,5.460949999999999832e-02,8.896200000000000330e+01
5.011212121212121565e+04,5.174469999999999764e-02,8.676600000000000534e+01
5.011515151515151229e+04,4.329319999999999696e-02,8.524200000000000443e+01
5.011818181818181620e+04,3.701999999999999735e-02,8.409600000000000364e+01
5.012121212121212011e+04,3.217720000000000302e-02,8.321999999999999886e+01
5.012424242424242402e+04,2.832809999999999842e-02,8.251200000000000045e+01
5.012727272727272793e+04,2.519429999999999933e-02,8.192400000000000659e+01
5.013030303030303185e+04,2.259840000000000113e-02,8.143200000000000216e+01
5.013333333333333576e+04,2.040300000000000100e-02,8.101200000000000045e+01
5.013636363636363967e+04,1.853379999999999958e-02,8.065800000000000125e+01
5.013939393939393631e+04,1.691830000000000070e-02,8.034000000000000341e+01
5.014242424242424022e+04,1.550679999999999940e-02,8.008199999999999363e+01
5.014545454545454413e+04,1.426320000000000018e-02,7.983599999999999852e+01
5.014848484848484804e+04,1.316269999999999940e-02,7.962600000000000477e+01
5.015151515151515196e+04,1.218039999999999921e-02,7.944599999999999795e+01
5.015454545454545587e+04,1.129540000000000058e-02,7.927800000000000580e+01
5.015757575757575978e+04,1.049620000000000067e-02,7.912800000000000011e+01
5.016060606060606369e+04,9.773310000000000330e-03,7.898999999999999488e+01
5.016363636363636033e+04,9.113370000000000845e-03,7.886400000000000432e+01
5.016666666666666424e+04,8.506829999999999947e-03,7.875000000000000000e+01
5.016969696969696815e+04,7.951800000000000188e-03,7.863599999999999568e+01
5.017272727272727207e+04,7.440600000000000339e-03,7.854000000000000625e+01
5.017575757575757598e+04,6.963760000000000262e-03,7.846200000000000330e+01
5.017878787878787989e+04,6.523160000000000069e-03,7.837199999999999989e+01
5.018181818181818380e+04,6.113079999999999903e-03,7.829999999999999716e+01
5.018484848484848771e+04,5.731609999999999830e-03,7.822799999999999443e+01
5.018787878787878435e+04,5.373029999999999994e-03,7.817400000000000659e+01
5.019090909090908826e+04,5.039240000000000386e-03,7.812600000000000477e+01
5.019393939393939218e+04,4.724530000000000222e-03,7.809000000000000341e+01
5.019696969696969609e+04,4.428890000000000431e-03,7.805400000000000205e+01
5.020000000000000000e+04,4.146610000000000226e-03,7.801200000000000045e+01
5.020303030303030391e+04,3.883380000000000078e-03,7.798799999999999955e+01
5.020606060606060782e+04,3.635419999999999884e-03,7.798799999999999955e+01
5.020909090909091174e+04,3.398910000000000212e-03,7.800000000000000000e+01
5.021212121212121565e+04,3.175750000000000187e-03,7.800600000000000023e+01
5.021515151515151229e+04,2.962129999999999885e-03,7.801800000000000068e+01
5.021818181818181620e+04,2.759950000000000164e-03,7.805400000000000205e+01
5.022121212121212011e+04,2.567310000000000165e-03,7.809000000000000341e+01
5.022424242424242402e+04,2.386109999999999880e-03,7.815000000000000568e+01
5.022727272727272793e+04,2.210629999999999887e-03,7.825799999999999557e+01
5.023030303030303185e+04,2.044690000000000049e-03,7.834199999999999875e+01
5.023333333333333576e+04,1.886380000000000001e-03,7.843200000000000216e+01
5.023636363636363967e+04,1.733790000000000027e-03,7.858199999999999363e+01
5.023939393939393631e+04,1.588830000000000060e-03,7.868999999999999773e+01
5.024242424242424022e+04,1.449589999999999950e-03,7.887000000000000455e+01
5.024545454545454413e+04,1.316080000000000071e-03,7.912800000000000011e+01
5.024848484848484804e+04,1.188290000000000049e-03,7.933799999999999386e+01
5.025151515151515196e+04,1.064309999999999952e-03,7.972799999999999443e+01
5.025454545454545587e+04,9.479560000000000156e-04,8.007599999999999341e+01
5.025757575757575978e+04,8.335149999999999504e-04,8.057399999999999807e+01
5.026060606060606369e+04,7.247959999999999906e-04,8.114400000000000546e+01
5.026363636363636033e+04,6.198920000000000341e-04,8.197799999999999443e+01
5.026666666666666424e+04,5.188029999999999725e-04,8.301000000000000512e+01
5.026969696969696815e+04,4.215259999999999754e-04,8.458199999999999363e+01
5.027272727272727207e+04,3.299730000000000068e-04,8.681999999999999318e+01
5.027575757575757598e+04,2.403270000000000048e-04,9.079200000000000159e+01
5.027878787878787989e+04,1.583110000000000094e-04,9.847199999999999420e+01
5.028181818181818380e+04,8.392380000000000445e-05,1.205819999999999936e+02
5.028484848484848771e+04,6.294299999999999689e-05,-1.739879999999999995e+02
5.028787878787878435e+04,1.163489999999999934e-04,-1.344180000000000064e+02
5.029090909090908826e+04,1.850140000000000009e-04,-1.218419999999999987e+02
5.029393939393939218e+04,2.574939999999999846e-04,-1.168979999999999961e+02
5.029696969696969609e+04,3.299730000000000068e-04,-1.138439999999999941e+02
5.030000000000000000e+04,3.948229999999999839e-04,-1.119360000000000070e+02
