# sens: 25
# slope: 3
# t_int: 8
# ref_v: 0.1
# freqini: 50000freqfini: 50110n_med: 200Los datos estan ordenados de forma freqs, rs, ts.
5.000000000000000000e+04,1.501470000000000062e-02,-1.057800000000000011e+02
5.000055276381909789e+04,1.519779999999999916e-02,-1.057740000000000009e+02
5.000110552763818851e+04,1.525879999999999945e-02,-1.057800000000000011e+02
5.000165829145728640e+04,1.531989999999999914e-02,-1.058340000000000032e+02
5.000221105527638429e+04,1.538089999999999943e-02,-1.058460000000000036e+02
5.000276381909547490e+04,1.544200000000000086e-02,-1.058340000000000032e+02
5.000331658291457279e+04,1.547250000000000014e-02,-1.058460000000000036e+02
5.000386934673367068e+04,1.556399999999999971e-02,-1.058340000000000032e+02
5.000442211055276130e+04,1.562509999999999941e-02,-1.058280000000000030e+02
5.000497487437185919e+04,1.568620000000000084e-02,-1.058940000000000055e+02
5.000552763819095708e+04,1.574719999999999939e-02,-1.058880000000000052e+02
5.000608040201004769e+04,1.580820000000000142e-02,-1.058820000000000050e+02
5.000663316582914558e+04,1.586929999999999938e-02,-1.058880000000000052e+02
5.000718592964824347e+04,1.596080000000000068e-02,-1.059360000000000070e+02
5.000773869346733409e+04,1.602179999999999924e-02,-1.059300000000000068e+02
5.000829145728643198e+04,1.608290000000000067e-02,-1.059240000000000066e+02
5.000884422110552987e+04,1.614389999999999922e-02,-1.059120000000000061e+02
5.000939698492462048e+04,1.623549999999999993e-02,-1.059599999999999937e+02
5.000994974874371837e+04,1.629649999999999849e-02,-1.059539999999999935e+02
5.001050251256281626e+04,1.638809999999999920e-02,-1.059300000000000068e+02
5.001105527638190688e+04,1.644910000000000122e-02,-1.059779999999999944e+02
5.001160804020100477e+04,1.651009999999999978e-02,-1.059719999999999942e+02
5.001216080402010266e+04,1.663219999999999976e-02,-1.060019999999999953e+02
5.001271356783919327e+04,1.669319999999999832e-02,-1.060439999999999969e+02
5.001326633165829116e+04,1.675429999999999975e-02,-1.060379999999999967e+02
5.001381909547738906e+04,1.684580000000000105e-02,-1.060139999999999958e+02
5.001437185929647967e+04,1.690689999999999901e-02,-1.060619999999999976e+02
5.001492462311557756e+04,1.699840000000000031e-02,-1.060379999999999967e+02
5.001547738693467545e+04,1.709000000000000102e-02,-1.060679999999999978e+02
5.001603015075376607e+04,1.715099999999999958e-02,-1.061159999999999997e+02
5.001658291457286396e+04,1.724260000000000029e-02,-1.060859999999999985e+02
5.001713567839196185e+04,1.733410000000000159e-02,-1.061159999999999997e+02
5.001768844221105246e+04,1.742569999999999883e-02,-1.061460000000000008e+02
5.001824120603015035e+04,1.748670000000000085e-02,-1.061219999999999999e+02
5.001879396984924824e+04,1.760880000000000084e-02,-1.061520000000000010e+02
5.001934673366833886e+04,1.770029999999999867e-02,-1.061700000000000017e+02
5.001989949748743675e+04,1.779189999999999938e-02,-1.061940000000000026e+02
5.002045226130653464e+04,1.788340000000000068e-02,-1.062240000000000038e+02
5.002100502512562525e+04,1.797500000000000139e-02,-1.061880000000000024e+02
5.002155778894472314e+04,1.806649999999999923e-02,-1.062120000000000033e+02
5.002211055276382103e+04,1.815809999999999994e-02,-1.062240000000000038e+02
5.002266331658291165e+04,1.828010000000000052e-02,-1.062540000000000049e+02
5.002321608040200954e+04,1.837170000000000122e-02,-1.062660000000000053e+02
5.002376884422110743e+04,1.846329999999999846e-02,-1.062780000000000058e+02
5.002432160804019804e+04,1.858529999999999904e-02,-1.062900000000000063e+02
5.002487437185929593e+04,1.867689999999999975e-02,-1.063020000000000067e+02
5.002542713567839382e+04,1.879890000000000033e-02,-1.063139999999999930e+02
5.002597989949748444e+04,1.889050000000000104e-02,-1.063739999999999952e+02
5.002653266331658233e+04,1.901260000000000103e-02,-1.063859999999999957e+02
5.002708542713568022e+04,1.913460000000000161e-02,-1.063859999999999957e+02
5.002763819095477083e+04,1.922619999999999885e-02,-1.064399999999999977e+02
5.002819095477386873e+04,1.937880000000000158e-02,-1.064399999999999977e+02
5.002874371859296662e+04,1.947029999999999941e-02,-1.064339999999999975e+02
5.002929648241205723e+04,1.959239999999999940e-02,-1.064939999999999998e+02
5.002984924623115512e+04,1.971449999999999939e-02,-1.064879999999999995e+02
5.003040201005025301e+04,1.983649999999999997e-02,-1.065300000000000011e+02
5.003095477386934363e+04,1.995859999999999995e-02,-1.065180000000000007e+02
5.003150753768844152e+04,2.011119999999999922e-02,-1.065600000000000023e+02
5.003206030150753941e+04,2.023329999999999920e-02,-1.066020000000000039e+02
5.003261306532663002e+04,2.035529999999999978e-02,-1.065840000000000032e+02
5.003316582914572791e+04,2.050789999999999905e-02,-1.066080000000000041e+02
5.003371859296482580e+04,2.062999999999999903e-02,-1.066500000000000057e+02
5.003427135678391642e+04,2.078259999999999830e-02,-1.066740000000000066e+02
5.003482412060301431e+04,2.090469999999999828e-02,-1.067039999999999935e+02
5.003537688442211220e+04,2.105720000000000161e-02,-1.067159999999999940e+02
5.003592964824120281e+04,2.120980000000000087e-02,-1.066979999999999933e+02
5.003648241206030070e+04,2.136240000000000014e-02,-1.067519999999999953e+02
5.003703517587939859e+04,2.151499999999999940e-02,-1.067819999999999965e+02
5.003758793969848921e+04,2.166759999999999867e-02,-1.067939999999999969e+02
5.003814070351758710e+04,2.182020000000000140e-02,-1.068479999999999990e+02
5.003869346733668499e+04,2.200329999999999994e-02,-1.068599999999999994e+02
5.003924623115577560e+04,2.215589999999999921e-02,-1.068539999999999992e+02
5.003979899497487349e+04,2.233900000000000122e-02,-1.069080000000000013e+02
5.004035175879397138e+04,2.252209999999999976e-02,-1.069500000000000028e+02
5.004090452261306200e+04,2.267469999999999902e-02,-1.069440000000000026e+02
5.004145728643215989e+04,2.285780000000000103e-02,-1.069860000000000042e+02
5.004201005025125778e+04,2.307139999999999885e-02,-1.070100000000000051e+02
5.004256281407034840e+04,2.322400000000000159e-02,-1.070460000000000065e+02
5.004311557788944629e+04,2.343759999999999941e-02,-1.070699999999999932e+02
5.004366834170854418e+04,2.362070000000000142e-02,-1.070939999999999941e+02
5.004422110552763479e+04,2.383429999999999924e-02,-1.071539999999999964e+02
5.004477386934673268e+04,2.404799999999999993e-02,-1.071659999999999968e+02
5.004532663316583057e+04,2.423109999999999847e-02,-1.072259999999999991e+02
5.004587939698492119e+04,2.444469999999999976e-02,-1.072379999999999995e+02
5.004643216080401908e+04,2.468880000000000033e-02,-1.072740000000000009e+02
5.004698492462311697e+04,2.490250000000000102e-02,-1.073220000000000027e+02
5.004753768844220758e+04,2.514660000000000159e-02,-1.073520000000000039e+02
5.004809045226130547e+04,2.536019999999999941e-02,-1.073880000000000052e+02
5.004864321608040336e+04,2.560439999999999938e-02,-1.074120000000000061e+02
5.004919597989949398e+04,2.584849999999999995e-02,-1.074779999999999944e+02
5.004974874371859187e+04,2.609260000000000052e-02,-1.074959999999999951e+02
5.005030150753768976e+04,2.636729999999999977e-02,-1.075439999999999969e+02
5.005085427135678037e+04,2.661140000000000033e-02,-1.075979999999999990e+02
5.005140703517587826e+04,2.688609999999999958e-02,-1.076280000000000001e+02
5.005195979899497615e+04,2.716079999999999883e-02,-1.076700000000000017e+02
5.005251256281406677e+04,2.743539999999999868e-02,-1.077300000000000040e+02
5.005306532663316466e+04,2.774060000000000067e-02,-1.077600000000000051e+02
5.005361809045226255e+04,2.804579999999999920e-02,-1.078139999999999930e+02
5.005417085427135316e+04,2.835089999999999832e-02,-1.078619999999999948e+02
5.005472361809045105e+04,2.865610000000000032e-02,-1.079399999999999977e+02
5.005527638190954895e+04,2.899180000000000160e-02,-1.079759999999999991e+02
5.005582914572864684e+04,2.932749999999999940e-02,-1.080360000000000014e+02
5.005638190954773745e+04,2.966320000000000068e-02,-1.080900000000000034e+02
5.005693467336683534e+04,3.002940000000000123e-02,-1.081440000000000055e+02
5.005748743718593323e+04,3.036509999999999904e-02,-1.082159999999999940e+02
5.005804020100502385e+04,3.076179999999999887e-02,-1.082759999999999962e+02
5.005859296482412174e+04,3.112799999999999942e-02,-1.083359999999999985e+02
5.005914572864321963e+04,3.152490000000000153e-02,-1.083900000000000006e+02
5.005969849246231024e+04,3.195209999999999717e-02,-1.084560000000000031e+02
5.006025125628140813e+04,3.237940000000000262e-02,-1.085460000000000065e+02
5.006080402010050602e+04,3.280659999999999826e-02,-1.086299999999999955e+02
5.006135678391959664e+04,3.326439999999999952e-02,-1.086959999999999980e+02
5.006190954773869453e+04,3.372220000000000079e-02,-1.087680000000000007e+02
5.006246231155779242e+04,3.417989999999999917e-02,-1.088520000000000039e+02
5.006301507537688303e+04,3.469869999999999899e-02,-1.089120000000000061e+02
5.006356783919598092e+04,3.518700000000000300e-02,-1.090079999999999956e+02
5.006412060301507881e+04,3.570580000000000281e-02,-1.091099999999999994e+02
5.006467336683416943e+04,3.625509999999999844e-02,-1.092000000000000028e+02
5.006522613065326732e+04,3.683499999999999969e-02,-1.092780000000000058e+02
5.006577889447236521e+04,3.741479999999999806e-02,-1.093919999999999959e+02
5.006633165829145582e+04,3.805569999999999786e-02,-1.094879999999999995e+02
5.006688442211055371e+04,3.869650000000000173e-02,-1.096080000000000041e+02
5.006743718592965160e+04,3.933740000000000153e-02,-1.097039999999999935e+02
5.006798994974874222e+04,4.000879999999999714e-02,-1.098059999999999974e+02
5.006854271356784011e+04,4.074119999999999825e-02,-1.099500000000000028e+02
5.006909547738693800e+04,4.147359999999999935e-02,-1.100639999999999930e+02
5.006964824120602862e+04,4.223659999999999914e-02,-1.101839999999999975e+02
5.007020100502512651e+04,4.306050000000000155e-02,-1.103340000000000032e+02
5.007075376884422440e+04,4.391500000000000264e-02,-1.104779999999999944e+02
5.007130653266331501e+04,4.476949999999999680e-02,-1.106280000000000001e+02
5.007185929648241290e+04,4.571560000000000207e-02,-1.107960000000000065e+02
5.007241206030151079e+04,4.666159999999999752e-02,-1.109579999999999984e+02
5.007296482412060141e+04,4.766870000000000135e-02,-1.111140000000000043e+02
5.007351758793969930e+04,4.873679999999999679e-02,-1.113059999999999974e+02
5.007407035175879719e+04,4.986600000000000060e-02,-1.114980000000000047e+02
5.007462311557788780e+04,5.102559999999999735e-02,-1.117079999999999984e+02
5.007517587939698569e+04,5.227679999999999827e-02,-1.119120000000000061e+02
5.007572864321608358e+04,5.358910000000000062e-02,-1.121400000000000006e+02
5.007628140703517420e+04,5.496240000000000153e-02,-1.123799999999999955e+02
5.007683417085427209e+04,5.642719999999999680e-02,-1.126500000000000057e+02
5.007738693467336998e+04,5.795310000000000045e-02,-1.129080000000000013e+02
5.007793969849246059e+04,5.960109999999999714e-02,-1.132139999999999986e+02
5.007849246231155848e+04,6.134060000000000207e-02,-1.135139999999999958e+02
5.007904522613065637e+04,6.320240000000000580e-02,-1.138439999999999941e+02
5.007959798994974699e+04,6.515550000000000508e-02,-1.141800000000000068e+02
5.008015075376884488e+04,6.729169999999999596e-02,-1.145639999999999930e+02
5.008070351758794277e+04,6.955000000000000071e-02,-1.149659999999999940e+02
5.008125628140703338e+04,7.199139999999999706e-02,-1.154039999999999964e+02
5.008180904522613127e+04,7.458539999999999615e-02,-1.158599999999999994e+02
5.008236180904522917e+04,7.742359999999999520e-02,-1.163700000000000045e+02
5.008291457286431978e+04,8.047529999999999961e-02,-1.169279999999999973e+02
5.008346733668341767e+04,8.380170000000000674e-02,-1.175220000000000056e+02
5.008402010050251556e+04,8.740280000000000271e-02,-1.181880000000000024e+02
5.008457286432160618e+04,9.137009999999999577e-02,-1.189140000000000015e+02
5.008512562814070407e+04,9.567309999999999703e-02,-1.197000000000000028e+02
5.008567839195980196e+04,1.004339999999999955e-01,-1.205699999999999932e+02
5.008623115577889257e+04,1.057130000000000014e-01,-1.215540000000000020e+02
5.008678391959799046e+04,1.115420000000000023e-01,-1.226460000000000008e+02
5.008733668341708835e+04,1.177369999999999944e-01,-1.240139999999999958e+02
5.008788944723617897e+04,1.247869999999999951e-01,-1.253820000000000050e+02
5.008844221105527686e+04,1.328439999999999899e-01,-1.269479999999999933e+02
5.008899497487437475e+04,1.419690000000000119e-01,-1.287479999999999905e+02
5.008954773869346536e+04,1.522840000000000027e-01,-1.308120000000000118e+02
5.009010050251256325e+04,1.640330000000000121e-01,-1.332239999999999895e+02
5.009065326633166114e+04,1.774610000000000076e-01,-1.360440000000000111e+02
5.009120603015075176e+04,1.927500000000000047e-01,-1.393739999999999952e+02
5.009175879396984965e+04,2.101139999999999952e-01,-1.433520000000000039e+02
5.009231155778894754e+04,2.296150000000000135e-01,-1.481160000000000139e+02
5.009286432160803815e+04,2.508560000000000234e-01,-1.538460000000000036e+02
5.009341708542713604e+04,2.729820000000000024e-01,-1.607040000000000077e+02
5.009396984924623393e+04,2.939780000000000171e-01,-1.687800000000000011e+02
5.009452261306532455e+04,3.108540000000000192e-01,-1.780680000000000121e+02
5.009507537688442244e+04,3.199480000000000102e-01,1.717500000000000000e+02
5.009562814070352033e+04,3.187889999999999890e-01,1.612620000000000005e+02
5.009618090452261094e+04,3.075280000000000236e-01,1.511220000000000141e+02
5.009673366834170884e+04,2.888809999999999989e-01,1.418760000000000048e+02
5.009728643216080673e+04,2.664199999999999902e-01,1.338300000000000125e+02
5.009783919597989734e+04,2.433180000000000065e-01,1.270199999999999960e+02
5.009839195979899523e+04,2.213140000000000107e-01,1.213319999999999936e+02
5.009894472361809312e+04,2.014170000000000127e-01,1.166039999999999992e+02
5.009949748743718374e+04,1.837169999999999914e-01,1.126560000000000059e+02
5.010005025125628163e+04,1.681829999999999992e-01,1.093499999999999943e+02
5.010060301507537952e+04,1.546029999999999904e-01,1.065420000000000016e+02
5.010115577889447013e+04,1.427009999999999945e-01,1.041359999999999957e+02
5.010170854271356802e+04,1.322949999999999959e-01,1.020840000000000032e+02
5.010226130653266591e+04,1.231079999999999952e-01,1.002840000000000060e+02
5.010281407035175653e+04,1.149600000000000066e-01,9.872400000000000375e+01
5.010336683417085442e+04,1.077280000000000043e-01,9.733799999999999386e+01
5.010391959798995231e+04,1.012880000000000030e-01,9.612000000000000455e+01
5.010447236180904292e+04,9.545950000000000268e-02,9.502800000000000580e+01
5.010502512562814081e+04,9.024100000000000177e-02,9.404399999999999693e+01
5.010557788944723870e+04,8.551069999999999505e-02,9.315000000000000568e+01
5.010613065326632932e+04,8.120779999999999665e-02,9.235200000000000387e+01
5.010668341708542721e+04,7.730149999999999522e-02,9.160800000000000409e+01
5.010723618090452510e+04,7.363939999999999375e-02,9.088200000000000500e+01
5.010778894472361571e+04,7.037400000000000599e-02,9.026999999999999602e+01
5.010834170854271360e+04,6.735280000000000433e-02,8.970600000000000307e+01
5.010889447236181149e+04,6.454519999999999702e-02,8.918399999999999750e+01
5.010944723618090211e+04,6.195090000000000319e-02,8.870399999999999352e+01
5.011000000000000000e+04,5.957060000000000133e-02,8.825400000000000489e+01
