9.865113600000001689e-06
9.865225200000001635e-06
9.865299599999998776e-06
9.865392600000001555e-06
9.865318200000001026e-06
9.865318199999999332e-06
9.865392600000001555e-06
9.865448399999999834e-06
9.865336799999999888e-06
9.865522800000000363e-06
9.865504200000001502e-06
9.865541400000000919e-06
9.865504200000001502e-06
9.865541400000000919e-06
9.865578600000002031e-06
9.865541400000000919e-06
9.865559999999999781e-06
9.865653000000000866e-06
9.865578599999998643e-06
9.865541400000000919e-06
9.865690200000000283e-06
9.865634400000000310e-06
9.865615799999999754e-06
9.865671599999999728e-06
9.865839000000001341e-06
9.865894799999999621e-06
9.865783200000001368e-06
9.866006399999997873e-06
9.866006400000001261e-06
9.865894799999999621e-06
9.865969200000000150e-06
9.866043599999998985e-06
9.866062200000001234e-06
9.866025000000000123e-06
9.866173799999999487e-06
9.866136600000000069e-06
9.866062200000001234e-06
9.866229599999999460e-06
9.866341200000001101e-06
9.866434200000000492e-06
9.866415599999998242e-06
9.866359799999999963e-06
9.866303999999999989e-06
9.866415599999998242e-06
9.866471400000001603e-06
9.866434200000000492e-06
9.866452799999999353e-06
9.866415599999999936e-06
9.866508599999999327e-06
9.866508599999999327e-06
