9.993535999999998571e-06
9.986856000000002219e-06
9.986382600000000205e-06
9.970487599999999572e-06
9.981403200000000441e-06
9.976672600000000259e-06
9.986771000000001355e-06
9.979559199999999514e-06
9.970667600000000306e-06
9.957077599999999984e-06
9.958358199999997682e-06
9.956559399999999783e-06
9.949775199999998988e-06
9.948247400000000734e-06
9.955013599999998914e-06
9.953394799999998359e-06
9.961376800000001428e-06
9.960450199999998678e-06
9.961380400000002629e-06
9.963142000000001111e-06
9.967676999999999874e-06
9.962500799999997726e-06
9.957504000000000065e-06
9.958894400000000498e-06
9.959833199999999223e-06
9.957368800000000907e-06
9.961764600000001248e-06
9.951987199999999908e-06
9.952973000000000565e-06
9.954288000000001077e-06
9.957738399999998234e-06
9.992014799999999694e-06
9.956687999999999563e-06
9.948101799999999425e-06
9.952366400000001566e-06
9.953139600000000971e-06
9.947299799999998886e-06
9.949051599999999935e-06
9.950196800000000292e-06
9.950802599999999777e-06
9.945587199999999427e-06
9.948604399999998941e-06
9.949787200000000166e-06
9.948511199999999672e-06
9.949666599999998912e-06
9.950141000000000318e-06
9.950131999999999011e-06
9.958493999999999864e-06
9.956845599999998662e-06
9.956650600000001961e-06
9.955505200000000032e-06
9.957292999999999534e-06
9.956017200000000613e-06
9.957153800000001113e-06
9.957778399999999338e-06
9.958253000000002317e-06
9.957963800000000179e-06
9.953260799999998472e-06
9.953996600000000275e-06
9.954527600000001168e-06
9.956120200000000703e-06
9.957917599999999454e-06
9.958653599999999441e-06
9.957731200000000915e-06
9.954973799999999382e-06
9.956743799999999536e-06
9.955468600000000250e-06
9.957209599999999392e-06
9.958997199999999016e-06
9.958782799999998857e-06
9.958019800000000030e-06
9.956091199999999691e-06
9.954229400000001111e-06
9.953047199999999522e-06
9.951192999999999711e-06
9.951556000000001049e-06
9.954116999999998262e-06
9.952571399999998966e-06
9.952152199999997898e-06
9.952124799999999302e-06
9.951388600000001130e-06
9.951686800000001187e-06
9.951985400000001002e-06
9.951248799999999685e-06
9.951817199999998180e-06
9.949815399999999970e-06
9.949739800000001865e-06
9.949097599999999088e-06
9.949013200000001247e-06
9.949721199999999615e-06
9.948772399999998497e-06
9.948436400000001080e-06
9.947189000000000147e-06
9.946350399999999827e-06
9.946108599999999378e-06
9.945679999999998939e-06
9.944413599999997694e-06
9.942074999999999166e-06
9.940195199999999666e-06
9.940165999999998775e-06
9.939915400000000285e-06
9.939160400000001679e-06
9.941376400000000169e-06
9.939430799999999995e-06
9.938219000000001146e-06
9.935780400000000705e-06
9.936460399999999147e-06
9.934615800000000279e-06
9.934578799999999046e-06
9.932437599999999149e-06
9.929596000000001348e-06
9.929493200000001136e-06
9.929074799999999582e-06
9.926354600000000854e-06
9.924976999999999419e-06
9.922611400000000358e-06
9.920172000000000403e-06
9.918568800000000533e-06
9.916129600000000456e-06
9.913948799999999212e-06
9.910549999999999498e-06
9.911033799999998580e-06
9.907560600000000031e-06
9.903780000000000238e-06
9.901636400000001799e-06
9.897856999999999584e-06
9.894979200000000063e-06
9.891318400000000317e-06
9.887731799999999527e-06
9.882695399999998824e-06
9.879006800000000724e-06
9.876192999999999582e-06
9.873036799999999831e-06
9.867617400000001473e-06
9.866788200000002217e-06
9.866154199999999539e-06
9.864058600000000731e-06
9.859886200000000161e-06
9.858498599999998026e-06
9.856516799999999522e-06
9.852948600000001103e-06
9.848317199999999933e-06
9.847257799999999955e-06
9.847490600000000790e-06
9.844241000000000197e-06
9.840393200000002277e-06
9.836436399999999442e-06
9.834106600000000649e-06
9.831350000000000324e-06
9.827728200000000595e-06
9.827569000000000774e-06
9.824317800000001154e-06
9.823721199999999466e-06
9.821629000000000286e-06
9.819318800000001441e-06
9.815574599999999858e-06
9.814073600000000565e-06
9.810423800000000910e-06
9.809518599999998708e-06
9.808729599999998740e-06
9.810236199999998019e-06
9.806949199999998130e-06
9.805767200000001501e-06
9.807881799999998928e-06
9.807631799999998380e-06
9.807490999999999236e-06
9.807566199999999279e-06
9.804817399999999296e-06
9.803179199999998672e-06
9.802861199999998788e-06
9.802525799999999313e-06
9.801882800000000410e-06
9.799713000000000952e-06
9.798585200000000186e-06
9.797832200000000365e-06
9.797219200000000173e-06
9.796948400000000406e-06
9.798354000000001766e-06
9.798584199999999100e-06
9.799227600000001148e-06
9.800030800000000957e-06
9.800952599999998154e-06
9.799946799999999486e-06
9.799591000000000549e-06
9.799861800000000316e-06
9.801157200000000879e-06
9.799871800000001015e-06
9.799441000000001914e-06
9.798520199999999027e-06
9.799292800000000491e-06
9.798065599999999142e-06
9.798436599999999007e-06
9.800038999999999363e-06
9.799022799999998544e-06
9.798018399999999025e-06
9.800580399999999018e-06
9.800691600000000902e-06
9.799078999999999968e-06
9.798529999999999848e-06
9.799321000000000295e-06
