1.243576636962917373e-07
1.262285116762453611e-07
1.271780409946622553e-07
1.259006209128453507e-07
1.146644708257967174e-07
1.147900843245617812e-07
1.052822560026142132e-07
1.066837936490823478e-07
9.808591622776413733e-08
8.991121139346301805e-08
9.050880696794090942e-08
8.446564298956107212e-08
8.025445127193880938e-08
7.928389465231879646e-08
7.393292778620366417e-08
7.883914774374462399e-08
6.763704847019852483e-08
6.428263135528906041e-08
6.262298849336406824e-08
5.955396336097198752e-08
5.632379799871443272e-08
5.559751490273637815e-08
5.160221409978452759e-08
5.100138175226246766e-08
4.735607151949996764e-08
4.622482850763209633e-08
4.341101460274785307e-08
4.211348040900914392e-08
4.094034280511093534e-08
3.948142373319379749e-08
3.750998263715931633e-08
1.533347347993916561e-08
3.505392000903765467e-08
2.822537898346111724e-08
3.123671056689551136e-08
3.064414018764429863e-08
2.808449960316187704e-08
2.765044920864749868e-08
2.600732792426006537e-08
2.483396624061485101e-08
2.157722058468145159e-08
2.383526355297964203e-08
2.347563579884471087e-08
2.156072676326098409e-08
1.982402962164852320e-08
1.924330514750527571e-08
1.818575761413307594e-08
1.722076804326673211e-08
1.578853269433221955e-08
1.607915139676211386e-08
1.574456264746655432e-08
1.570988138083793922e-08
1.425835923800479310e-08
1.393983369915139807e-08
1.280984611304907936e-08
1.245048099472449198e-08
1.136382169694698170e-08
1.194197367942175497e-08
1.047975412116140881e-08
1.060685317330272403e-08
1.013258673587367446e-08
9.134438036354437301e-09
9.050218949837807539e-09
8.980204594551446387e-09
8.403390718037693674e-09
8.157098721972299232e-09
7.649016671442199710e-09
7.469438790163646096e-09
7.174272657210776071e-09
7.059122336381305679e-09
6.584772278522605405e-09
5.850521221224856618e-09
5.917604045557736499e-09
5.548232886244135382e-09
5.510201176000790334e-09
5.903712391368633781e-09
5.162153910917647960e-09
4.907753869134084802e-09
4.694488807101463865e-09
4.436509546930011260e-09
4.154992664253506433e-09
4.212464095989424533e-09
3.981624899460207636e-09
3.729313952994725347e-09
3.396290941601018947e-09
3.673237378662024127e-09
3.352342160340956540e-09
3.213504977435175109e-09
3.115081661850941434e-09
2.923967605839668731e-09
2.788570644613584952e-09
2.797622390531074561e-09
2.558875729690396597e-09
2.385999128247735625e-09
2.443906716713951769e-09
2.274636674284498790e-09
1.883899954880725916e-09
2.203195179733226431e-09
2.154809727098638528e-09
1.925424628490782402e-09
1.819293500235590665e-09
1.788366808012262814e-09
1.744875651729949336e-09
1.501110042601687104e-09
1.653410112464602063e-09
1.558664761903672821e-09
1.460010904069046070e-09
1.501980146340032740e-09
1.314964090764412904e-09
1.624010541837732676e-09
9.519705877811408570e-10
1.149953807768069589e-09
1.327462602109856177e-09
1.322007881973322622e-09
1.038790161678862084e-09
1.122711022480549777e-09
9.274847707645437431e-10
9.603387735584787954e-10
1.025294026121458308e-09
9.763455126131589910e-10
9.437648012083490948e-10
8.844996099489629725e-10
9.895845795080977558e-10
8.575779847919712814e-10
9.006414602938608697e-10
1.155036363063975312e-09
6.582031297403658384e-10
1.161060480767563626e-09
9.859750301096940018e-10
1.176875881306235878e-09
8.315778736834723461e-10
8.247114646953705255e-10
1.218956012331881814e-09
7.568033033756595906e-10
4.244181428728696170e-10
1.071386186208907738e-09
1.156918337654079201e-09
8.684190002529895481e-10
5.448743341355637700e-10
7.630843727923907726e-10
7.263415450047466234e-10
4.315925856640433723e-10
7.621057406951746992e-10
1.004878918079652536e-09
7.521974474829838618e-10
6.240911471891516846e-10
5.184390417392669563e-10
5.273390180900846734e-10
6.796940488187841265e-10
4.817704432610160260e-10
4.387493589739518840e-10
4.204630304792830445e-10
4.288619358257552173e-10
3.693629651173754591e-10
3.266352093699268953e-10
7.310108343930514062e-10
5.985574659126376006e-10
6.402964625857102433e-10
6.267312342627110553e-10
7.714089965775491268e-10
5.444810005867040854e-10
7.739789144412121730e-10
3.472868554953312062e-10
6.531881505355049672e-10
3.252241688433207849e-10
3.548422184574936025e-10
5.457028128934432415e-10
4.071796163859996656e-10
3.851588763093815645e-10
5.958108424658099503e-10
4.239107925024642761e-10
5.075944838152957186e-10
6.593125207365274366e-10
4.018668436188267384e-10
8.062612231775158074e-10
4.218949632312929652e-10
4.630911789270072458e-10
8.381073916866387114e-10
2.582796159206373938e-10
2.283379950862278881e-10
4.682086714274120741e-10
4.442333170757475095e-10
3.784570781474152538e-10
3.446113753202902124e-10
4.065744212317527020e-10
6.118530542541453796e-10
4.132296697962455702e-10
3.784824962928069581e-10
2.626365549578180206e-10
6.339370315735571452e-10
3.871390447884880093e-10
4.917666519804495908e-10
6.544104216772402415e-10
6.306252135781725913e-10
5.643097022022444029e-10
5.607208217999038980e-10
2.819174347214444406e-10
3.153616971036750191e-10
6.861195231153656077e-10
5.867137291731359944e-10
