5.004748145506915944e-10
6.378471290204499888e-10
7.677993487882672311e-10
7.598731736281471778e-10
7.625999999997964444e-10
7.849552598713469709e-10
8.041139471491032472e-10
8.652499292110429731e-10
7.569080261165773146e-10
8.099013273231220406e-10
8.403001606567354698e-10
6.573462101509619933e-10
6.811258033577892628e-10
6.831544774059684901e-10
7.320464739344245736e-10
7.778714803872028305e-10
9.299999999998369358e-10
7.263532198592327317e-10
6.831544774059896866e-10
6.573462101509619933e-10
8.726155854669081047e-10
8.889165540137796718e-10
8.805091481635710801e-10
8.652499292110691327e-10
8.369999999998362230e-10
9.440301690091652483e-10
8.013125233015004952e-10
1.022830895113786581e-09
1.039605232768297170e-09
8.056183711905841473e-10
8.755840108177071881e-10
1.039605232768298411e-09
1.039105942625306915e-09
1.039771609537030480e-09
8.646499638580157012e-10
9.645135768870344279e-10
1.022323412624042654e-09
8.531704636235931380e-10
8.183999999998872829e-10
6.811258033578531625e-10
8.889165540137797752e-10
7.442324636831429853e-10
7.439999999999373568e-10
8.889165540137797752e-10
9.014765887141590929e-10
6.811258033578531625e-10
8.309850540170806519e-10
7.632801844669072951e-10
6.573462101509619933e-10
6.573462101509619933e-10
