2.997599039231344832e-03
3.000000000000113687e-03
2.842252627758590743e-03
3.327701909727017425e-03
3.131517204168091616e-03
4.053442980973241856e-03
3.527265229607909856e-03
2.939387691339924880e-03
2.631805463935456540e-03
2.880000000000109469e-03
2.997599039231344398e-03
2.749545416973608360e-03
2.961351043020847822e-03
2.997599039231344398e-03
2.990384590650620438e-03
2.990384590650620438e-03
2.997599039231344398e-03
2.631805463935456540e-03
2.939387691339925314e-03
4.240943291297510909e-03
3.886592337768542214e-03
2.562498780487611899e-03
2.939387691339924880e-03
2.997599039231344398e-03
2.961351043020847822e-03
2.990384590650620004e-03
3.000000000000113687e-03
4.464258057057354963e-03
4.483570006144826925e-03
5.040000000000191896e-03
5.582257607814455208e-03
4.240943291297510909e-03
4.240943291297510909e-03
4.649128950674700188e-03
4.989749492710218899e-03
4.920000000000187244e-03
5.011347124277253616e-03
3.811771241824606169e-03
3.000000000000113687e-03
2.631805463935456540e-03
3.000000000000113687e-03
2.939387691339925314e-03
3.871743793176549153e-03
3.138407239349403754e-03
3.103804117530732914e-03
3.469639750752362244e-03
2.842252627758590743e-03
2.842252627758590309e-03
2.562498780487611899e-03
4.368065933568476833e-03
