8.198490000000000511e-06
2.056559999999999839e-05
6.438259999999999578e-06
2.104610000000000167e-05
5.752810000000000067e-06
4.484349999999999679e-06
1.626940000000000046e-05
7.102299999999999746e-06
3.386300000000000087e-06
1.578600000000000099e-05
1.385720000000000007e-05
7.784979999999999450e-06
9.196869999999999581e-06
5.314159999999999617e-06
8.039229999999999600e-06
9.408279999999999646e-06
8.609200000000000514e-06
1.333849999999999943e-05
1.303210000000000013e-05
1.122249999999999970e-05
9.003150000000000359e-06
8.018750000000000094e-06
1.253659999999999954e-05
9.276029999999999345e-06
1.215750000000000007e-05
1.004530000000000020e-05
1.067019999999999992e-05
8.357749999999999728e-06
1.124389999999999919e-05
1.096640000000000058e-05
8.880219999999999826e-06
1.139009999999999959e-05
8.760079999999999652e-06
8.926789999999999958e-06
1.111070000000000020e-05
9.540529999999999947e-06
1.062640000000000044e-05
1.085180000000000001e-05
1.084340000000000023e-05
1.074850000000000051e-05
1.075119999999999966e-05
9.303039999999999956e-06
9.250890000000000802e-06
1.002390000000000071e-05
1.049980000000000067e-05
9.985699999999999955e-06
9.444599999999999325e-06
9.655080000000000400e-06
9.910259999999999539e-06
9.597339999999999832e-06
1.035079999999999922e-05
9.884179999999999613e-06
9.625279999999999432e-06
9.873009999999999176e-06
9.487439999999999410e-06
1.011239999999999995e-05
9.914920000000000271e-06
1.004060000000000006e-05
9.786400000000000017e-06
9.807819999999999212e-06
9.794780000000000096e-06
9.990360000000000687e-06
9.770559999999999843e-06
9.873939999999999860e-06
9.739829999999999885e-06
9.731449999999999806e-06
9.732380000000000490e-06
9.947509999999999903e-06
9.850659999999999297e-06
9.722130000000000038e-06
9.818060000000000659e-06
9.774289999999999891e-06
9.865559999999999781e-06
9.683950000000000685e-06
9.857179999999999702e-06
9.742620000000000243e-06
9.683950000000000685e-06
9.900019999999999786e-06
9.810609999999999570e-06
9.728650000000000443e-06
9.861829999999999734e-06
9.818060000000000659e-06
9.771490000000000527e-06
9.813399999999999928e-06
9.813399999999999928e-06
9.817129999999999975e-06
9.864630000000000791e-06
9.766840000000000496e-06
9.705369999999999880e-06
9.710030000000000611e-06
9.998740000000000766e-06
9.721199999999999354e-06
9.804089999999999165e-06
9.716549999999999322e-06
9.752870000000000696e-06
9.815270000000000301e-06
9.793849999999999412e-06
9.780810000000000296e-06
9.902810000000000144e-06
9.778950000000000622e-06
