9.433419999999999883e-06
9.848790000000000617e-06
9.915849999999999260e-06
1.009090000000000024e-05
9.751940000000000012e-06
9.769629999999999160e-06
9.784529999999999644e-06
9.656009999999999390e-06
9.527490000000000831e-06
9.231329999999999587e-06
8.614790000000000235e-06
7.453399999999999654e-06
5.148379999999999995e-06
9.778960000000000898e-07
5.004960000000000104e-06
7.479479999999999580e-06
8.669740000000000446e-06
9.303970000000000640e-06
9.430629999999999525e-06
9.631799999999999837e-06
9.705369999999999880e-06
9.779879999999999612e-06
9.873939999999999860e-06
9.876730000000000218e-06
9.834820000000000817e-06
9.897220000000000423e-06
9.864630000000000791e-06
9.837620000000000181e-06
9.887909999999999660e-06
9.947509999999999903e-06
9.900950000000000470e-06
9.899090000000000797e-06
9.881389999999999255e-06
9.930749999999999745e-06
9.944719999999999545e-06
9.969870000000000481e-06
9.941929999999999187e-06
9.927959999999999387e-06
9.880460000000000265e-06
9.895360000000000749e-06
9.960550000000000713e-06
9.936339999999999466e-06
9.969870000000000481e-06
9.889769999999999334e-06
9.960550000000000713e-06
9.930749999999999745e-06
9.912119999999999213e-06
9.893499999999999381e-06
9.900019999999999786e-06
9.967069999999999424e-06
9.916779999999999944e-06
9.842279999999999218e-06
9.914920000000000271e-06
9.912119999999999213e-06
9.928890000000000071e-06
9.891639999999999707e-06
9.890700000000000018e-06
9.879529999999999581e-06
9.822719999999999696e-06
9.820849999999999323e-06
9.827369999999999728e-06
9.834820000000000817e-06
9.728650000000000443e-06
9.817129999999999975e-06
9.786400000000000017e-06
9.843209999999999902e-06
9.824579999999999370e-06
9.834820000000000817e-06
9.846929999999999250e-06
9.816199999999999291e-06
9.785460000000000328e-06
9.737970000000000211e-06
9.766840000000000496e-06
9.791980000000000733e-06
9.848790000000000617e-06
9.760320000000000091e-06
9.791980000000000733e-06
9.820849999999999323e-06
9.796639999999999770e-06
9.780810000000000296e-06
9.794780000000000096e-06
9.737970000000000211e-06
9.749140000000000648e-06
9.786400000000000017e-06
9.818060000000000659e-06
9.852520000000000665e-06
9.838549999999999170e-06
9.799430000000000128e-06
9.831099999999999775e-06
9.853449999999999655e-06
9.859970000000000060e-06
9.817129999999999975e-06
9.771490000000000527e-06
9.782669999999999970e-06
9.895360000000000749e-06
9.755659999999999359e-06
9.808749999999999896e-06
9.822719999999999696e-06
9.801300000000000501e-06
9.841339999999999528e-06
