1.732620000000000005e+02
9.515399999999999636e+01
-1.718400000000000034e+02
-5.687400000000000233e+01
-1.748940000000000055e+02
1.095060000000000002e+02
1.740300000000000011e+02
-1.377179999999999893e+02
-1.492259999999999991e+02
1.163760000000000048e+02
1.372860000000000014e+02
1.218900000000000006e+02
5.540400000000000347e+01
-1.430399999999999920e+02
-8.312399999999999523e+01
-1.218659999999999997e+02
-1.663919999999999959e+02
-1.374480000000000075e+02
1.743000000000000114e+02
-1.581059999999999945e+02
-1.484699999999999989e+02
-1.732800000000000011e+02
-1.607700000000000102e+02
-1.595279999999999916e+02
-1.615020000000000095e+02
1.749480000000000075e+02
1.763040000000000020e+02
-1.649759999999999991e+02
-1.669859999999999900e+02
1.789259999999999877e+02
-1.729559999999999889e+02
1.763820000000000050e+02
-1.676579999999999870e+02
-1.762620000000000005e+02
1.779600000000000080e+02
-1.779360000000000070e+02
-1.763220000000000027e+02
-1.724159999999999968e+02
-1.755600000000000023e+02
1.779960000000000093e+02
1.788000000000000114e+02
-1.753499999999999943e+02
-1.757640000000000100e+02
-1.767419999999999902e+02
1.784279999999999973e+02
-1.772340000000000089e+02
1.791419999999999959e+02
1.792079999999999984e+02
1.796699999999999875e+02
-1.782419999999999902e+02
-1.768979999999999961e+02
-1.779300000000000068e+02
-1.787280000000000086e+02
-1.787520000000000095e+02
-1.796160000000000139e+02
-1.777560000000000002e+02
-1.785300000000000011e+02
-1.780620000000000118e+02
1.797959999999999923e+02
-1.787460000000000093e+02
-1.781519999999999868e+02
-1.789139999999999873e+02
-1.799519999999999982e+02
-1.785240000000000009e+02
-1.791959999999999980e+02
-1.796819999999999879e+02
-1.791659999999999968e+02
-1.780260000000000105e+02
-1.785900000000000034e+02
-1.781339999999999861e+02
-1.793820000000000050e+02
-1.794120000000000061e+02
-1.781999999999999886e+02
-1.788060000000000116e+02
-1.776899999999999977e+02
-1.790159999999999911e+02
-1.784699999999999989e+02
-1.787400000000000091e+02
-1.778940000000000055e+02
-1.771260000000000048e+02
-1.784699999999999989e+02
-1.775399999999999920e+02
-1.774379999999999882e+02
-1.771980000000000075e+02
-1.778580000000000041e+02
-1.778040000000000020e+02
-1.768019999999999925e+02
-1.766999999999999886e+02
-1.778340000000000032e+02
-1.759319999999999879e+02
-1.760939999999999941e+02
-1.753139999999999930e+02
-1.758839999999999861e+02
-1.753379999999999939e+02
-1.750020000000000095e+02
-1.746419999999999959e+02
-1.740540000000000020e+02
-1.739699999999999989e+02
-1.732800000000000011e+02
-1.728000000000000114e+02
