9.033889999999999322e-06
9.910259999999999539e-06
1.017569999999999983e-05
9.712819999999999275e-06
9.502339999999999894e-06
9.984769999999999271e-06
9.874870000000000544e-06
9.620620000000000395e-06
9.484650000000000746e-06
9.248089999999999745e-06
8.504900000000000513e-06
7.056660000000000298e-06
4.515079999999999638e-06
1.974419999999999809e-06
5.971670000000000374e-06
7.886499999999999793e-06
8.835520000000000068e-06
9.235979999999999619e-06
9.677430000000000279e-06
9.710959999999999601e-06
9.728650000000000443e-06
9.870209999999999813e-06
9.858110000000000386e-06
9.862760000000000418e-06
9.866490000000000465e-06
9.903740000000000828e-06
9.883250000000000623e-06
9.876730000000000218e-06
9.908399999999999865e-06
9.951239999999999950e-06
9.975449999999999503e-06
9.852520000000000665e-06
9.943790000000000555e-06
9.943790000000000555e-06
9.945650000000000229e-06
9.866490000000000465e-06
9.916779999999999944e-06
9.983840000000000282e-06
9.932609999999999419e-06
9.946579999999999219e-06
1.000709999999999945e-05
9.954030000000000308e-06
9.973589999999999829e-06
9.961479999999999703e-06
9.882319999999999939e-06
9.875799999999999534e-06
9.902810000000000144e-06
9.914920000000000271e-06
9.895360000000000749e-06
9.903740000000000828e-06
9.878600000000000591e-06
9.876730000000000218e-06
9.872080000000000186e-06
9.902810000000000144e-06
9.882319999999999939e-06
9.924229999999999340e-06
9.840410000000000538e-06
9.889769999999999334e-06
9.859039999999999376e-06
9.794780000000000096e-06
9.769629999999999160e-06
9.843209999999999902e-06
9.825510000000000054e-06
9.796639999999999770e-06
9.782669999999999970e-06
9.740760000000000569e-06
9.856250000000000712e-06
9.842279999999999218e-06
9.797570000000000454e-06
9.817129999999999975e-06
9.747279999999999280e-06
9.756590000000000043e-06
9.822719999999999696e-06
9.745419999999999606e-06
9.726790000000000769e-06
9.797570000000000454e-06
9.805950000000000533e-06
9.757520000000000727e-06
9.836689999999999497e-06
9.789190000000000375e-06
9.765909999999999812e-06
9.810609999999999570e-06
9.812469999999999244e-06
9.799430000000000128e-06
9.870209999999999813e-06
9.785460000000000328e-06
9.828309999999999418e-06
9.842279999999999218e-06
9.820849999999999323e-06
9.848790000000000617e-06
9.805950000000000533e-06
9.822719999999999696e-06
9.798499999999999444e-06
9.837620000000000181e-06
9.821790000000000707e-06
9.844140000000000586e-06
9.769629999999999160e-06
9.724929999999999401e-06
9.817129999999999975e-06
9.710030000000000611e-06
