1.636920000000000073e+02
1.743480000000000132e+02
1.720800000000000125e+02
1.682700000000000102e+02
1.645560000000000116e+02
1.520519999999999925e+02
1.305120000000000005e+02
-1.430639999999999930e+02
-1.498379999999999939e+02
-1.603979999999999961e+02
-1.668839999999999861e+02
-1.702079999999999984e+02
-1.717019999999999982e+02
-1.732259999999999991e+02
-1.747740000000000009e+02
-1.751699999999999875e+02
-1.759679999999999893e+02
-1.764780000000000086e+02
-1.765980000000000132e+02
-1.777259999999999991e+02
-1.777620000000000005e+02
-1.782839999999999918e+02
-1.780020000000000095e+02
-1.783379999999999939e+02
-1.784699999999999989e+02
-1.787460000000000093e+02
-1.789619999999999891e+02
-1.789799999999999898e+02
-1.788180000000000121e+02
-1.789259999999999877e+02
-1.791539999999999964e+02
-1.789259999999999877e+02
-1.788300000000000125e+02
-1.791539999999999964e+02
-1.788839999999999861e+02
-1.787040000000000077e+02
-1.785540000000000020e+02
-1.784939999999999998e+02
-1.782599999999999909e+02
-1.781579999999999870e+02
-1.774979999999999905e+02
-1.776419999999999959e+02
-1.774799999999999898e+02
-1.769039999999999964e+02
-1.764720000000000084e+02
-1.758240000000000123e+02
-1.754099999999999966e+02
-1.752419999999999902e+02
-1.740780000000000030e+02
-1.734360000000000070e+02
