8.732140000000000052e-06
9.977319999999999876e-06
9.632730000000000521e-06
9.978250000000000560e-06
9.464160000000000541e-06
8.811299999999999815e-06
4.616599999999999980e-06
4.238479999999999609e-06
8.333529999999999475e-06
9.297450000000000235e-06
9.678359999999999269e-06
9.804089999999999165e-06
9.945650000000000229e-06
9.894430000000000065e-06
9.915849999999999260e-06
9.902810000000000144e-06
9.941929999999999187e-06
9.927959999999999387e-06
9.859970000000000060e-06
9.942859999999999871e-06
9.853449999999999655e-06
9.911190000000000223e-06
9.909330000000000549e-06
9.944719999999999545e-06
9.860900000000000744e-06
9.862760000000000418e-06
9.804089999999999165e-06
9.864630000000000791e-06
9.867419999999999455e-06
9.844140000000000586e-06
9.824579999999999370e-06
9.838549999999999170e-06
9.808749999999999896e-06
9.816199999999999291e-06
9.779879999999999612e-06
9.764039999999999438e-06
9.794780000000000096e-06
9.824579999999999370e-06
9.837620000000000181e-06
9.793849999999999412e-06
9.771490000000000527e-06
9.859970000000000060e-06
9.830170000000000786e-06
9.846000000000000260e-06
9.744490000000000617e-06
9.872080000000000186e-06
9.858110000000000386e-06
9.807819999999999212e-06
9.836689999999999497e-06
9.846929999999999250e-06
