2.184340000000000164e-05
8.772189999999999778e-06
6.569580000000000042e-06
1.679840000000000166e-05
1.515360000000000006e-05
3.739269999999999945e-06
1.028740000000000081e-05
9.328189999999999198e-06
4.415429999999999668e-06
5.667129999999999898e-06
1.172260000000000022e-05
6.863879999999999918e-06
1.175990000000000069e-05
1.205139999999999951e-05
7.906059999999999314e-06
1.108930000000000071e-05
1.097759999999999973e-05
8.913750000000000842e-06
9.249020000000000429e-06
9.163340000000000260e-06
9.085109999999999486e-06
1.024269999999999936e-05
9.618760000000000721e-06
1.003690000000000041e-05
9.899090000000000797e-06
1.010860000000000008e-05
1.007880000000000081e-05
9.569400000000000231e-06
1.017380000000000075e-05
1.003600000000000013e-05
9.892570000000000391e-06
9.754730000000000369e-06
9.780810000000000296e-06
9.676499999999999595e-06
9.867419999999999455e-06
9.766840000000000496e-06
9.843209999999999902e-06
9.641110000000000600e-06
9.677430000000000279e-06
9.668119999999999516e-06
9.805950000000000533e-06
9.828309999999999418e-06
9.804089999999999165e-06
9.937270000000000150e-06
9.650419999999999669e-06
9.782669999999999970e-06
9.754730000000000369e-06
9.873939999999999860e-06
9.882319999999999939e-06
9.852520000000000665e-06
