1.775039999999999907e+02
1.708679999999999950e+02
1.737899999999999920e+02
1.703580000000000041e+02
1.716539999999999964e+02
1.685999999999999943e+02
1.684019999999999868e+02
1.642079999999999984e+02
1.617179999999999893e+02
1.580759999999999934e+02
1.501320000000000050e+02
1.380960000000000036e+02
1.180559999999999974e+02
-1.105919999999999987e+02
-1.261500000000000057e+02
-1.437779999999999916e+02
-1.531560000000000059e+02
-1.594259999999999877e+02
-1.620060000000000002e+02
-1.656899999999999977e+02
-1.668120000000000118e+02
-1.696140000000000043e+02
-1.705800000000000125e+02
-1.714199999999999875e+02
-1.722239999999999895e+02
-1.728300000000000125e+02
-1.732139999999999986e+02
-1.740900000000000034e+02
-1.748280000000000030e+02
-1.746599999999999966e+02
-1.751220000000000141e+02
-1.757340000000000089e+02
-1.760339999999999918e+02
-1.765380000000000109e+02
-1.768739999999999952e+02
-1.769819999999999993e+02
-1.769879999999999995e+02
-1.773060000000000116e+02
-1.778460000000000036e+02
-1.772940000000000111e+02
-1.776839999999999975e+02
-1.779060000000000059e+02
-1.777860000000000014e+02
-1.782959999999999923e+02
-1.780920000000000130e+02
-1.783499999999999943e+02
-1.779780000000000086e+02
-1.786500000000000057e+02
-1.785300000000000011e+02
-1.785480000000000018e+02
-1.784639999999999986e+02
-1.789379999999999882e+02
-1.787820000000000107e+02
-1.790759999999999934e+02
-1.790579999999999927e+02
-1.784219999999999970e+02
-1.790159999999999911e+02
-1.788600000000000136e+02
-1.792199999999999989e+02
-1.790459999999999923e+02
-1.793220000000000027e+02
-1.793160000000000025e+02
-1.787460000000000093e+02
-1.790039999999999907e+02
-1.789739999999999895e+02
-1.790579999999999927e+02
-1.788779999999999859e+02
-1.790999999999999943e+02
-1.787100000000000080e+02
-1.782299999999999898e+02
-1.790099999999999909e+02
-1.784099999999999966e+02
-1.784039999999999964e+02
-1.782419999999999902e+02
-1.783799999999999955e+02
-1.785780000000000030e+02
-1.782779999999999916e+02
-1.782419999999999902e+02
-1.784339999999999975e+02
-1.783439999999999941e+02
-1.780500000000000114e+02
-1.775939999999999941e+02
-1.776479999999999961e+02
-1.776479999999999961e+02
-1.774019999999999868e+02
-1.771440000000000055e+02
-1.768319999999999936e+02
-1.771680000000000064e+02
-1.766160000000000139e+02
-1.760819999999999936e+02
-1.761359999999999957e+02
-1.760639999999999930e+02
-1.755180000000000007e+02
-1.749120000000000061e+02
-1.746719999999999970e+02
-1.748220000000000027e+02
-1.743060000000000116e+02
-1.740120000000000005e+02
-1.734240000000000066e+02
-1.729139999999999873e+02
