1.704360000000000070e+02
1.764240000000000066e+02
1.707479999999999905e+02
1.750200000000000102e+02
1.712160000000000082e+02
1.681560000000000059e+02
1.688340000000000032e+02
1.641779999999999973e+02
1.606920000000000073e+02
1.575780000000000030e+02
1.513679999999999950e+02
1.382760000000000105e+02
1.186620000000000061e+02
-1.061099999999999994e+02
-1.273319999999999936e+02
-1.434300000000000068e+02
-1.531320000000000050e+02
-1.594139999999999873e+02
-1.627980000000000018e+02
-1.657620000000000005e+02
-1.677359999999999900e+02
-1.692059999999999889e+02
-1.699199999999999875e+02
-1.715519999999999925e+02
-1.723859999999999957e+02
-1.732500000000000000e+02
-1.733580000000000041e+02
-1.741740000000000066e+02
-1.748580000000000041e+02
-1.750260000000000105e+02
-1.748700000000000045e+02
-1.759139999999999873e+02
-1.755840000000000032e+02
-1.764540000000000077e+02
-1.763520000000000039e+02
-1.768019999999999925e+02
-1.773180000000000121e+02
-1.774139999999999873e+02
-1.772580000000000098e+02
-1.776179999999999950e+02
-1.777319999999999993e+02
-1.783379999999999939e+02
-1.780320000000000107e+02
-1.786680000000000064e+02
-1.783499999999999943e+02
-1.780380000000000109e+02
-1.786260000000000048e+02
-1.786500000000000057e+02
-1.785420000000000016e+02
-1.791119999999999948e+02
-1.788420000000000130e+02
-1.786980000000000075e+02
-1.789739999999999895e+02
-1.788600000000000136e+02
-1.788180000000000121e+02
-1.791659999999999968e+02
-1.787880000000000109e+02
-1.788480000000000132e+02
-1.788300000000000125e+02
-1.792500000000000000e+02
-1.790939999999999941e+02
-1.789259999999999877e+02
-1.787700000000000102e+02
-1.792139999999999986e+02
-1.787580000000000098e+02
-1.789499999999999886e+02
-1.786920000000000073e+02
-1.786500000000000057e+02
-1.786380000000000052e+02
-1.789019999999999868e+02
-1.790519999999999925e+02
-1.787460000000000093e+02
-1.788180000000000121e+02
-1.781999999999999886e+02
-1.783859999999999957e+02
-1.781399999999999864e+02
-1.785900000000000034e+02
-1.784459999999999980e+02
-1.779060000000000059e+02
-1.779120000000000061e+02
-1.782359999999999900e+02
-1.774379999999999882e+02
-1.778580000000000041e+02
-1.776539999999999964e+02
-1.771800000000000068e+02
-1.771560000000000059e+02
-1.771860000000000070e+02
-1.765320000000000107e+02
-1.763220000000000027e+02
-1.762680000000000007e+02
-1.762439999999999998e+02
-1.759079999999999870e+02
-1.755900000000000034e+02
-1.755840000000000032e+02
-1.750320000000000107e+02
-1.746599999999999966e+02
-1.747019999999999982e+02
-1.743480000000000132e+02
-1.738139999999999930e+02
-1.731119999999999948e+02
