1.057799999999999935e-05
9.887909999999999660e-06
9.900019999999999786e-06
1.012069999999999951e-05
9.822719999999999696e-06
9.762179999999999764e-06
9.644829999999999948e-06
9.611309999999999632e-06
9.419450000000000083e-06
9.210839999999999382e-06
8.605479999999999472e-06
7.291350000000000079e-06
4.663160000000000259e-06
1.332729999999999944e-06
5.706239999999999936e-06
7.825029999999999177e-06
8.809440000000000142e-06
9.266720000000000276e-06
9.518169999999999368e-06
9.654149999999999716e-06
9.712819999999999275e-06
9.766840000000000496e-06
9.858110000000000386e-06
9.826440000000000738e-06
9.836689999999999497e-06
9.895360000000000749e-06
9.904669999999999818e-06
9.899090000000000797e-06
9.857179999999999702e-06
9.932609999999999419e-06
9.961479999999999703e-06
9.927030000000000397e-06
9.907469999999999181e-06
9.881389999999999255e-06
9.942859999999999871e-06
9.895360000000000749e-06
9.923300000000000350e-06
9.932609999999999419e-06
9.954030000000000308e-06
9.918639999999999618e-06
9.900019999999999786e-06
9.834820000000000817e-06
9.874870000000000544e-06
9.917710000000000628e-06
9.913989999999999587e-06
9.921440000000000676e-06
9.910259999999999539e-06
9.863700000000000107e-06
9.857179999999999702e-06
9.849730000000000307e-06
9.872080000000000186e-06
9.841339999999999528e-06
9.881389999999999255e-06
9.896289999999999739e-06
9.864630000000000791e-06
9.808749999999999896e-06
9.829240000000000102e-06
9.859970000000000060e-06
9.785460000000000328e-06
9.833890000000000133e-06
9.865559999999999781e-06
9.782669999999999970e-06
9.840410000000000538e-06
9.834820000000000817e-06
9.861829999999999734e-06
9.782669999999999970e-06
9.850659999999999297e-06
9.842279999999999218e-06
9.844140000000000586e-06
9.785460000000000328e-06
9.850659999999999297e-06
9.858110000000000386e-06
9.754730000000000369e-06
9.794780000000000096e-06
9.810609999999999570e-06
9.834820000000000817e-06
9.797570000000000454e-06
9.815270000000000301e-06
9.862760000000000418e-06
9.784529999999999644e-06
9.835760000000000507e-06
9.799430000000000128e-06
9.835760000000000507e-06
9.826440000000000738e-06
9.787330000000000701e-06
9.752870000000000696e-06
9.858110000000000386e-06
9.801300000000000501e-06
9.785460000000000328e-06
9.737970000000000211e-06
9.797570000000000454e-06
9.788259999999999691e-06
9.845069999999999576e-06
9.680229999999999643e-06
9.791980000000000733e-06
9.849730000000000307e-06
9.754730000000000369e-06
9.844140000000000586e-06
9.832030000000000459e-06
9.832030000000000459e-06
