1.554001179999999990e-05
1.516445060000000146e-05
1.331625160000000219e-05
1.254347250000000088e-05
1.028404099999999893e-05
1.066408080000000160e-05
9.795566799999999707e-06
6.622861399999999467e-06
8.215577799999999680e-06
1.030353539999999766e-05
9.431309799999999783e-06
1.014007199999999977e-05
1.016225659999999852e-05
1.015331719999999955e-05
9.924139600000000063e-06
1.007101079999999917e-05
9.299365999999999760e-06
1.030156540000000046e-05
1.002313800000000127e-05
9.950566800000000764e-06
1.001894599999999906e-05
9.917524399999999910e-06
9.967252400000000393e-06
9.917489799999998912e-06
9.910310199999999527e-06
9.885225199999999750e-06
9.911564000000001653e-06
9.892284199999997881e-06
9.824153600000000983e-06
9.884740199999999703e-06
9.840824800000000892e-06
9.843597999999999601e-06
9.820593600000000970e-06
9.851811800000000725e-06
9.833296599999999889e-06
9.828249399999998973e-06
9.792635400000000571e-06
9.786786799999998751e-06
9.811002000000000226e-06
9.793641200000000933e-06
9.819923599999999840e-06
9.797664600000000566e-06
9.798092999999999432e-06
9.815061000000000250e-06
9.822586999999999202e-06
9.851735999999999352e-06
9.831230200000000278e-06
9.854456399999999652e-06
9.815229199999997989e-06
9.785165999999997718e-06
