6.247610328912868898e-06
6.363853614194912280e-06
6.630883126841358990e-06
6.134394291047780939e-06
5.577342650299064752e-06
5.346507058644116415e-06
4.526968078704085609e-06
2.690183024723790001e-06
2.852979301451232053e-06
2.748165424782292678e-06
2.583560831960796279e-06
2.088267667754304126e-06
1.790781108258192525e-06
1.646819201958782148e-06
1.425582729292074414e-06
1.284512144818942742e-06
9.688484713039496294e-07
8.312025915267828730e-07
8.271474803346740027e-07
6.873104882669549287e-07
5.841890227075480527e-07
5.349208600836576568e-07
4.443064052185607799e-07
3.859439835804673602e-07
3.680402886124833745e-07
3.014245747396187180e-07
2.434489086933847528e-07
2.216683984251251062e-07
2.025907683262986075e-07
1.991975220678209168e-07
1.451757227946876874e-07
1.297887768799752032e-07
1.287452751406435714e-07
1.179195237556528524e-07
1.055886508410823631e-07
1.003191237084933859e-07
8.890872954237952373e-08
8.688229579010905899e-08
9.696760131095331932e-08
7.366358673428825369e-08
7.879080313742207676e-08
8.917617049885016636e-08
9.408260645305273379e-08
7.395489753221206897e-08
8.359743487093378522e-08
8.004736977565218762e-08
7.110227854267405072e-08
6.424886784247638885e-08
1.003456644372838852e-07
6.416599816101987769e-08
