6.247610328912868898e-06
6.363853614194912280e-06
6.630883126841358990e-06
6.134394291047780939e-06
5.577342650299064752e-06
5.346507058644116415e-06
4.526968078704085609e-06
2.690183024723790001e-06
2.852979301451232053e-06
2.748165424782292678e-06
2.583560831960796279e-06
2.088267667754304126e-06
1.790781108258192525e-06
1.646819201958782148e-06
1.425582729292074414e-06
1.284512144818942742e-06
9.688484713039496294e-07
8.312025915267828730e-07
8.271474803346740027e-07
6.873104882669549287e-07
5.841890227075480527e-07
5.349208600836576568e-07
4.443064052185607799e-07
3.859439835804673602e-07
3.680402886124833745e-07
3.014245747396187180e-07
2.434489086933847528e-07
2.216683984251251062e-07
2.025907683262986075e-07
1.991975220678209168e-07
1.451757227946876874e-07
1.297887768799752032e-07
1.287452751406435714e-07
1.179195237556528524e-07
1.055886508410823631e-07
1.003191237084933859e-07
8.890872954237952373e-08
8.688229579010905899e-08
9.696760131095331932e-08
7.366358673428825369e-08
7.879080313742207676e-08
8.917617049885016636e-08
9.408260645305273379e-08
7.395489753221206897e-08
8.359743487093378522e-08
8.004736977565218762e-08
7.110227854267405072e-08
6.424886784247638885e-08
1.003456644372838852e-07
6.416599816101987769e-08
3.523869751792756147e-08
4.223316014051518279e-07
2.848498933600643309e-07
2.369843721260960735e-07
1.741405891664547479e-07
1.235077827740421593e-07
8.930048152367377534e-08
1.061402434675933857e-07
1.045139299546237861e-07
6.057011965944928284e-08
1.629646192050286376e-07
4.613590481219589777e-08
5.502167603445030953e-08
1.869236981123585067e-08
2.825330064682708968e-08
5.413055444940503003e-08
3.754440829524410655e-08
3.443221892588396253e-08
4.762604904881354741e-08
4.851005848852391065e-08
3.347772870491669037e-08
5.141457162167165881e-08
4.053991119921218908e-08
3.603565441337230921e-08
2.671232554458706072e-08
3.111260867815500845e-08
2.800081347675455604e-08
3.510073436553716006e-08
3.014836658925307172e-08
3.164036973298508208e-08
4.105010571533282755e-08
3.010433541933782884e-08
4.107647274486930075e-08
3.448610767309068788e-08
2.786467989121709278e-08
4.673857427906857258e-08
3.687161215677981268e-08
5.934696784470113309e-08
5.033387773219937680e-08
4.291596882466939313e-08
3.083310913677061568e-08
3.374202087901665830e-08
3.770825785898891170e-08
5.397198975172232671e-08
4.135357946345163763e-08
6.228109380060699880e-08
3.141844623783933456e-08
3.678829871793479689e-08
2.353975882714166886e-08
5.612943752577614370e-08
3.059957900952231545e-08
2.441005509519385654e-07
4.104094036154642893e-08
5.363331713067913107e-08
4.870023836533035505e-08
3.335828456980354812e-08
1.444879668899793927e-08
1.319165841680264310e-07
2.607967296267344467e-07
8.066602051818350517e-08
1.161255298951956269e-07
2.582993726357066990e-08
2.253631631389658864e-08
3.567364671238420127e-08
2.443152130261219462e-08
1.564353796811951219e-08
2.299804165227992094e-08
1.543064701300639701e-08
2.213266053957363377e-08
1.161448519048510168e-08
2.534233734208438154e-08
3.365703535904488126e-08
2.653632724850977733e-08
2.011483015091110280e-08
4.729033864332117651e-08
2.342827415239976374e-08
2.623329611085878782e-08
2.331459554528020001e-08
3.536651683442960609e-08
3.089497462630455678e-08
2.161873079068229689e-08
3.956590365655769429e-08
2.707893308754969167e-08
2.295376768724472805e-08
1.428933963624630551e-08
3.752354023862876687e-08
3.813585133388263351e-08
2.555281357189459057e-08
3.957376646264541115e-08
2.070882952172803020e-08
4.398027160625555137e-08
2.160373078891698381e-08
3.814184982404505526e-08
3.764825780617199175e-08
2.317252635428435105e-08
2.558600343938078786e-08
3.855935701797951775e-08
3.673263304692453430e-08
4.372764918263965630e-08
3.989001510353186769e-08
1.399194376918361204e-08
3.575495944961480451e-07
1.893336282861539152e-08
4.260809012194756735e-08
5.435069728936336976e-08
4.027902862234881748e-08
8.052215385991605084e-08
3.190112284845786058e-07
5.109863422206116008e-07
1.976941069142931443e-07
7.218928048650989901e-08
3.946810198679445116e-08
3.130235601356545000e-08
3.614506678649248323e-08
2.080842450162904100e-08
1.469087142956475464e-08
1.296160295796773670e-08
5.852828930491647135e-08
2.907502392088427557e-08
6.602087815714063937e-08
1.816805385394930014e-08
1.364255200319954745e-08
1.761134465735095179e-08
3.033021641927403332e-08
2.627113876481193728e-08
2.214172575839575594e-08
1.367732184895850831e-08
9.657532498521473608e-09
2.192998869949541970e-08
1.811517342892422906e-08
3.984935310692005411e-08
3.830109839469351552e-08
1.677579496894258570e-08
4.369184853036090149e-08
2.564350209234309973e-08
3.773296520762719415e-08
3.135631650879927237e-08
1.799425220341205040e-08
3.609312826342433370e-08
1.342715653591632975e-08
3.250589897787776021e-08
1.548870481996474437e-08
4.304729467039700043e-08
2.827358365966372550e-08
2.446240119039822951e-08
5.003890422461296576e-08
3.187202680031494842e-08
3.510944135642145718e-08
3.669411133192901444e-08
2.349516226715620159e-08
