2.728200000000000625e+00
1.282206654746418053e+02
4.798559999999999270e+00
1.249863660686492608e+02
2.423207999999999984e+01
1.256632929264293921e+02
1.183787999999999485e+01
1.341137126706497611e+02
2.346120000000001315e+00
1.369255735578478550e+02
2.909759999999999636e+01
1.446988721592535398e+02
6.690324000000001092e+01
1.273920969755282755e+02
4.852200000000000557e+01
8.002323499084499758e+01
-1.331150399999999934e+02
3.030263286050240268e+01
-1.180640400000000056e+02
8.853147306895102986e+01
-7.142928000000000566e+01
1.470235558104945142e+02
-5.346096000000000714e+01
1.571332400349410250e+02
-5.535815999999999093e+01
1.585679391952055255e+02
-5.722919999999999874e+01
1.602687275362227410e+02
-7.883483999999999980e+01
1.514455303681637304e+02
-9.425687999999999533e+01
1.442715882694357674e+02
-4.006919999999999504e+01
1.704956920140799355e+02
-6.068327999999999633e+01
1.636557855460099233e+02
-6.825863999999999976e+01
1.614419124101000023e+02
-5.477831999999999368e+01
1.672928028904339897e+02
-7.621163999999998850e+01
1.588759891370322634e+02
-7.008780000000000143e+01
1.626862844418053555e+02
-7.742399999999999238e+01
1.596396874474514789e+02
-2.026092000000000226e+01
1.766859633244067140e+02
-8.496492000000002065e+01
1.565814896908111677e+02
-1.703863200000000120e+02
4.993157214005583455e+01
-3.489168000000000092e+01
1.750052374029348812e+02
-2.089619999999999322e+01
1.776921734687265086e+02
-6.390384000000000242e+01
1.670493152995677235e+02
-9.986676000000001352e+01
1.484936239417113768e+02
-6.415152000000000498e+01
1.672638864900896749e+02
-1.071222000000000065e+02
1.433358640353488056e+02
-1.570142400000000009e+02
8.512279077628035395e+01
-1.645455600000000516e+02
7.029314296491799041e+01
-1.716769200000000239e+02
5.023741961241242393e+01
-1.716230400000000031e+02
5.021484510260286527e+01
-1.785672000000000139e+02
5.581715865215634009e-01
-1.786268400000000156e+02
4.668694190027851132e-01
-1.784243999999999915e+02
4.694500612418736618e-01
-1.782068399999999997e+02
4.667722511032549315e-01
-1.780014000000000181e+02
4.545216826511115360e-01
-1.776343199999999740e+02
5.126164039513372295e-01
-1.774106399999999724e+02
4.382139094095480747e-01
-1.773154799999999796e+02
4.334178233529386581e-01
-1.766631599999999764e+02
3.808180857049733303e-01
-1.762539599999999780e+02
4.899493018670423861e-01
-1.758382799999999690e+02
3.916578118715355883e-01
-1.753047599999999875e+02
5.085313583251271918e-01
-1.743589200000000403e+02
4.865399815020339247e-01
-1.740158399999999972e+02
4.480979964248890668e-01
-1.731902400000000171e+02
2.046834199440706326e-01
1.746205199999999991e+02
2.270063217093302832e+00
1.727402400000000000e+02
1.683141474267685567e+00
1.706554799999999830e+02
1.347191259472833691e+00
1.677034800000000132e+02
1.148951021410399953e+00
1.620112799999999993e+02
7.300948716434050301e-01
1.497399599999999964e+02
6.685816019006199928e-01
1.118385600000000011e+02
1.863545740356269853e+00
-1.303617600000000039e+02
6.621683942925685740e-01
-1.544619599999999764e+02
3.042481855327983098e-01
-1.633167600000000164e+02
9.175365182923234109e-01
-1.679161200000000065e+02
4.022497552516354768e-01
-1.706836800000000096e+02
2.755275260296139450e-01
-1.725113999999999805e+02
1.952841007353157965e-01
-1.737711600000000089e+02
1.728666954621368712e-01
-1.745982000000000198e+02
1.839535811013204014e-01
-1.754341200000000072e+02
1.480893838193732825e-01
-1.758151199999999790e+02
2.118509513785550580e-01
-1.767550799999999924e+02
1.983621778464803032e-01
-1.770410399999999811e+02
2.890863511132968910e-01
-1.774106399999999724e+02
1.865263262920229259e-01
-1.777379999999999995e+02
2.749152596710484064e-01
-1.779049200000000326e+02
2.009765001187956424e-01
-1.781488799999999912e+02
2.160541265516555676e-01
-1.785728399999999851e+02
9.447292945601229452e-02
-1.787964000000000055e+02
3.649913971588937822e-01
-1.787050800000000095e+02
2.020982770832037145e-01
-1.789250399999999672e+02
2.700569539930404717e-01
-1.789681199999999706e+02
1.498006194913731326e-01
-1.787925600000000088e+02
2.598507386943494368e-01
-1.788111600000000294e+02
1.965144635898290748e-01
-1.788147600000000352e+02
2.236067583951759641e-01
-1.790685599999999909e+02
2.628563227316392248e-01
-1.788495600000000252e+02
1.673852036471520921e-01
-1.788518399999999815e+02
2.409872494552324496e-01
-1.787118000000000109e+02
1.822074641720241306e-01
-1.786011599999999930e+02
1.887665605980068662e-01
-1.785277200000000164e+02
2.060085473954970103e-01
-1.783699200000000076e+02
1.722300600940508963e-01
-1.780449600000000316e+02
1.903669046867084713e-01
-1.778494800000000282e+02
1.621292373386161723e-01
-1.780309199999999805e+02
1.816472229350043766e-01
-1.774886400000000037e+02
2.418116423996144460e-01
-1.771106399999999894e+02
1.644707584952442292e-01
-1.768506000000000142e+02
2.258081486572174612e-01
-1.763666399999999612e+02
3.437851515118094392e-01
-1.760728800000000547e+02
2.912200982075262012e-01
-1.753707600000000184e+02
1.401341585767063580e-01
-1.745032799999999895e+02
1.480706642113817917e-01
-1.736282400000000052e+02
2.255519948925280294e-01
-1.728550799999999867e+02
1.530914550195344448e-01
1.742907600000000059e+02
1.960530091582345091e-01
1.727569200000000365e+02
2.288689441580035455e-01
1.708099200000000337e+02
2.069206456591510257e-01
1.675971600000000024e+02
1.111280990568914856e-01
1.619159999999999968e+02
2.444026186439110515e-01
1.495477199999999982e+02
4.012630080134476640e-01
1.129428000000000054e+02
2.556580497461403922e+00
-1.308861599999999896e+02
1.361552046159087759e+00
-1.548629999999999711e+02
6.616269946125221679e-01
-1.631523600000000158e+02
6.956237707266781367e-01
-1.678815599999999790e+02
1.855768476938863543e-01
-1.704632400000000132e+02
2.099835765006430044e-01
-1.724440799999999854e+02
9.100589870992224772e-02
-1.737042000000000144e+02
1.849567517015757445e-01
-1.747162799999999834e+02
2.418138159824619327e-01
-1.757256000000000142e+02
2.303843744701421226e-01
-1.761638399999999933e+02
1.455356121366918332e-01
-1.765568400000000224e+02
1.394429431703094746e-01
-1.770784800000000132e+02
3.538735502972782943e-01
-1.774699199999999735e+02
1.502467091153709133e-01
-1.775770800000000236e+02
1.906931398870959915e-01
-1.780655999999999892e+02
1.690935835565569589e-01
-1.782332399999999950e+02
1.434449803931761025e-01
-1.786241999999999734e+02
1.192672629014394498e-01
-1.786623599999999783e+02
1.507441222734746400e-01
-1.787215199999999697e+02
1.371565878840645125e-01
-1.790521200000000022e+02
2.420358353632757198e-01
-1.788433199999999772e+02
1.520845080867813393e-01
-1.790450400000000002e+02
1.598315313071880239e-01
-1.788296400000000119e+02
1.467851164117066620e-01
-1.791097200000000100e+02
1.354825509060121613e-01
-1.787464800000000196e+02
1.313319823957562749e-01
-1.789033200000000079e+02
1.659747498868371363e-01
-1.789523999999999830e+02
7.678124771061753395e-02
-1.787253599999999949e+02
1.859348014762161883e-01
-1.786491599999999664e+02
1.475512602453860622e-01
-1.784704799999999807e+02
1.594277566799518209e-01
-1.784173199999999895e+02
2.082278021782876520e-01
-1.781999999999999886e+02
2.716085418391681605e-01
-1.780819200000000251e+02
1.073811603587815772e-01
-1.776813599999999838e+02
8.333012900506350795e-02
-1.774783200000000249e+02
1.194288809291928488e-01
-1.772732400000000439e+02
1.884657592243171864e-01
-1.767862799999999766e+02
1.083254429947133335e-01
-1.766787600000000111e+02
2.181599009900728470e-01
-1.758468000000000018e+02
1.509617170013580478e-01
-1.753565999999999860e+02
1.825312028120144314e-01
-1.745413199999999847e+02
1.722252525038049376e-01
-1.740378000000000327e+02
1.307297976744448975e-01
-1.734075599999999895e+02
2.249281805377031374e-01
1.740167999999999608e+02
7.173099748365420192e-01
1.728650400000000218e+02
5.265448493718258849e-01
1.706155200000000036e+02
2.979671283883465471e-01
1.680334799999999689e+02
2.449237628324393012e-01
1.619253600000000120e+02
6.632984776101911173e-01
1.500369599999999934e+02
7.021603509170838420e-01
1.144265999999999934e+02
4.582884091922900360e+00
-1.317058800000000076e+02
2.514156794155845365e+00
-1.540715999999999894e+02
1.440548395577183394e+00
-1.632139200000000301e+02
5.272186582434246205e-01
-1.676690399999999954e+02
3.323899493065353150e-01
-1.705575600000000236e+02
1.435433258636534815e-01
-1.723406399999999792e+02
3.248658652428739191e-01
-1.735992000000000246e+02
1.621377192389192590e-01
-1.746236400000000231e+02
1.562186621374031248e-01
-1.753408799999999701e+02
1.580005873406805927e-01
-1.760410799999999654e+02
1.039763126870719978e-01
-1.764811200000000042e+02
1.988535782931719065e-01
-1.770922800000000166e+02
1.687691962414954172e-01
-1.772937599999999918e+02
1.034644982590603862e-01
-1.778485199999999793e+02
8.727960586529120990e-02
-1.780816799999999773e+02
1.524710385614197750e-01
-1.783971599999999569e+02
1.530035764287938915e-01
-1.785544800000000123e+02
1.331072109241319412e-01
-1.786523999999999717e+02
1.467340451292764858e-01
-1.788874799999999823e+02
1.074592462285042238e-01
-1.788680400000000077e+02
8.066472835136023756e-02
-1.790495999999999981e+02
1.300104611175584013e-01
-1.789087199999999882e+02
1.177874424546104387e-01
-1.789960800000000063e+02
1.372279621651468495e-01
-1.790944799999999759e+02
9.901883457201837713e-02
-1.789844400000000064e+02
5.375691955459929033e-02
-1.788885599999999840e+02
1.748114595785939251e-01
-1.788197999999999865e+02
1.681852550017346182e-01
-1.786480799999999647e+02
9.836662848751466515e-02
-1.785903600000000040e+02
9.475753479275766944e-02
-1.785270000000000152e+02
1.814987603263517879e-01
-1.784606399999999837e+02
7.325073651507134354e-02
-1.783743600000000242e+02
1.558171697856235716e-01
-1.781264400000000023e+02
1.105291201448677235e-01
-1.778432400000000086e+02
1.820254443752352402e-01
-1.776769199999999955e+02
1.404086663991975514e-01
-1.770910800000000052e+02
1.190342538935791894e-01
-1.767910799999999938e+02
1.829269624740958999e-01
-1.762858799999999917e+02
1.168167179816358148e-01
-1.759557599999999695e+02
1.097259422379170402e-01
-1.751590799999999888e+02
8.071897918085284285e-02
-1.745476800000000139e+02
1.869191739763452764e-01
-1.738249199999999917e+02
2.279105824660180579e-01
