9.642039999999999590e-06
1.008999999999999996e-05
9.592680000000000794e-06
9.357990000000000167e-06
9.975449999999999503e-06
9.832959999999999449e-06
9.663460000000000479e-06
9.543320000000000305e-06
9.407350000000000656e-06
9.290000000000000840e-06
8.698610000000000730e-06
7.183320000000000030e-06
4.430330000000000153e-06
1.995839999999999851e-06
5.934420000000000011e-06
8.002909999999999920e-06
8.946340000000000474e-06
9.287210000000000482e-06
9.386860000000000451e-06
9.696989999999999801e-06
9.767769999999999486e-06
9.710030000000000611e-06
9.826440000000000738e-06
9.962419999999999392e-06
9.823650000000000380e-06
9.861829999999999734e-06
9.857179999999999702e-06
9.954030000000000308e-06
9.900950000000000470e-06
9.898149999999999413e-06
9.926090000000000707e-06
9.949380000000000276e-06
9.908399999999999865e-06
9.924229999999999340e-06
9.860900000000000744e-06
9.878600000000000591e-06
9.878600000000000591e-06
1.002019999999999937e-05
9.923300000000000350e-06
9.881389999999999255e-06
9.859970000000000060e-06
9.925160000000000023e-06
9.963350000000000076e-06
9.886980000000000670e-06
9.886049999999999986e-06
9.881389999999999255e-06
9.916779999999999944e-06
9.916779999999999944e-06
9.909330000000000549e-06
9.895360000000000749e-06
9.853449999999999655e-06
9.881389999999999255e-06
9.890700000000000018e-06
9.846000000000000260e-06
9.970799999999999471e-06
9.813399999999999928e-06
9.858110000000000386e-06
9.860900000000000744e-06
9.890700000000000018e-06
9.799430000000000128e-06
9.804089999999999165e-06
9.832030000000000459e-06
9.822719999999999696e-06
9.778009999999999239e-06
9.830170000000000786e-06
9.773359999999999207e-06
9.782669999999999970e-06
9.822719999999999696e-06
9.744490000000000617e-06
9.746350000000000290e-06
9.777080000000000249e-06
9.752870000000000696e-06
9.841339999999999528e-06
9.838549999999999170e-06
9.809680000000000580e-06
9.784529999999999644e-06
9.900019999999999786e-06
9.850659999999999297e-06
9.847859999999999933e-06
9.855309999999999329e-06
9.855309999999999329e-06
9.802229999999999491e-06
9.884179999999999613e-06
9.765909999999999812e-06
9.840410000000000538e-06
9.762179999999999764e-06
9.840410000000000538e-06
9.864630000000000791e-06
9.845069999999999576e-06
9.846000000000000260e-06
9.805950000000000533e-06
9.832030000000000459e-06
9.795710000000000780e-06
9.846929999999999250e-06
9.796639999999999770e-06
9.823650000000000380e-06
9.760320000000000091e-06
9.807819999999999212e-06
9.848790000000000617e-06
9.802229999999999491e-06
