-1.797959999999999923e+02
1.734600000000000080e+02
1.731299999999999955e+02
1.715999999999999943e+02
1.710360000000000014e+02
1.699079999999999870e+02
1.676819999999999879e+02
1.650300000000000011e+02
1.627560000000000002e+02
1.579559999999999889e+02
1.505279999999999916e+02
1.391699999999999875e+02
1.211099999999999994e+02
-1.169339999999999975e+02
-1.249200000000000017e+02
-1.416299999999999955e+02
-1.527479999999999905e+02
-1.585680000000000121e+02
-1.625699999999999932e+02
-1.652160000000000082e+02
-1.673220000000000027e+02
-1.689600000000000080e+02
-1.701659999999999968e+02
-1.708439999999999941e+02
-1.721879999999999882e+02
-1.728360000000000127e+02
-1.735680000000000121e+02
-1.739219999999999970e+02
-1.743540000000000134e+02
-1.753979999999999961e+02
-1.755300000000000011e+02
-1.758779999999999859e+02
-1.763340000000000032e+02
-1.759799999999999898e+02
-1.764780000000000086e+02
-1.765920000000000130e+02
-1.767539999999999907e+02
-1.771620000000000061e+02
-1.773480000000000132e+02
-1.776959999999999980e+02
-1.777620000000000005e+02
-1.771260000000000048e+02
-1.779060000000000059e+02
-1.780800000000000125e+02
-1.779480000000000075e+02
-1.780800000000000125e+02
-1.784459999999999980e+02
-1.784039999999999964e+02
-1.788540000000000134e+02
-1.785120000000000005e+02
-1.792860000000000014e+02
-1.788000000000000114e+02
-1.790579999999999927e+02
-1.789799999999999898e+02
-1.788240000000000123e+02
-1.791419999999999959e+02
-1.785960000000000036e+02
-1.789079999999999870e+02
-1.793460000000000036e+02
-1.789139999999999873e+02
-1.790339999999999918e+02
-1.786980000000000075e+02
-1.790819999999999936e+02
-1.790819999999999936e+02
-1.789439999999999884e+02
-1.788959999999999866e+02
-1.786500000000000057e+02
-1.788540000000000134e+02
-1.786680000000000064e+02
-1.786140000000000043e+02
-1.787340000000000089e+02
-1.785180000000000007e+02
-1.783859999999999957e+02
-1.786140000000000043e+02
-1.782839999999999918e+02
-1.779480000000000075e+02
-1.780380000000000109e+02
-1.783439999999999941e+02
-1.782059999999999889e+02
-1.781879999999999882e+02
-1.783319999999999936e+02
-1.780560000000000116e+02
-1.776119999999999948e+02
-1.772580000000000098e+02
-1.775939999999999941e+02
-1.772160000000000082e+02
-1.772580000000000098e+02
-1.767119999999999891e+02
-1.764180000000000064e+02
-1.764780000000000086e+02
-1.761179999999999950e+02
-1.754519999999999982e+02
-1.756500000000000057e+02
-1.754939999999999998e+02
-1.752719999999999914e+02
-1.749060000000000059e+02
-1.740900000000000034e+02
-1.738619999999999948e+02
-1.736279999999999859e+02
-1.729319999999999879e+02
