1.668240000000000123e+02
1.739939999999999998e+02
1.720620000000000118e+02
1.722059999999999889e+02
1.710120000000000005e+02
1.700939999999999941e+02
1.676100000000000136e+02
1.660860000000000127e+02
1.622100000000000080e+02
1.590420000000000016e+02
1.519259999999999877e+02
1.410960000000000036e+02
1.250699999999999932e+02
-1.478400000000000034e+02
-1.244519999999999982e+02
-1.403340000000000032e+02
-1.508940000000000055e+02
-1.582920000000000016e+02
-1.620120000000000005e+02
-1.651200000000000045e+02
-1.666860000000000070e+02
-1.683540000000000134e+02
-1.698540000000000134e+02
-1.708079999999999927e+02
-1.719420000000000073e+02
-1.726920000000000073e+02
-1.735980000000000132e+02
-1.740900000000000034e+02
-1.744799999999999898e+02
-1.752359999999999900e+02
-1.750620000000000118e+02
-1.758000000000000114e+02
-1.757820000000000107e+02
-1.762920000000000016e+02
-1.765500000000000114e+02
-1.768139999999999930e+02
-1.770540000000000020e+02
-1.772700000000000102e+02
-1.772100000000000080e+02
-1.777379999999999995e+02
-1.773240000000000123e+02
-1.777620000000000005e+02
-1.781939999999999884e+02
-1.781699999999999875e+02
-1.782599999999999909e+02
-1.784099999999999966e+02
-1.784579999999999984e+02
-1.786800000000000068e+02
-1.787280000000000086e+02
-1.789799999999999898e+02
-1.788000000000000114e+02
-1.789139999999999873e+02
-1.787280000000000086e+02
-1.787460000000000093e+02
-1.788720000000000141e+02
-1.791059999999999945e+02
-1.789199999999999875e+02
-1.791419999999999959e+02
-1.793520000000000039e+02
-1.790459999999999923e+02
-1.791959999999999980e+02
-1.789499999999999886e+02
-1.790879999999999939e+02
-1.788899999999999864e+02
-1.789559999999999889e+02
-1.787700000000000102e+02
-1.787820000000000107e+02
-1.787160000000000082e+02
-1.788540000000000134e+02
-1.786320000000000050e+02
-1.788300000000000125e+02
-1.787820000000000107e+02
-1.786920000000000073e+02
-1.782419999999999902e+02
-1.780200000000000102e+02
-1.784279999999999973e+02
-1.784459999999999980e+02
-1.786140000000000043e+02
-1.782479999999999905e+02
-1.781759999999999877e+02
-1.780440000000000111e+02
-1.776779999999999973e+02
-1.778940000000000055e+02
-1.777139999999999986e+02
-1.775219999999999914e+02
-1.768319999999999936e+02
-1.770720000000000027e+02
-1.768979999999999961e+02
-1.768259999999999934e+02
-1.766699999999999875e+02
-1.760159999999999911e+02
-1.761119999999999948e+02
-1.757580000000000098e+02
-1.753559999999999945e+02
-1.748640000000000043e+02
-1.742760000000000105e+02
-1.742760000000000105e+02
-1.736879999999999882e+02
-1.736879999999999882e+02
-1.730579999999999927e+02
