2.184340000000000164e-05
9.630860000000000148e-06
2.081700000000000076e-05
1.028190000000000103e-06
1.942099999999999922e-05
8.397790000000000449e-06
1.820750000000000143e-05
5.655019999999999772e-06
8.788019999999999252e-06
1.021390000000000058e-05
1.440580000000000021e-05
1.266140000000000044e-05
6.055490000000000022e-06
6.556540000000000078e-06
2.365569999999999867e-06
1.088820000000000021e-05
1.235029999999999930e-05
1.028929999999999989e-05
8.171479999999999900e-06
6.211020000000000039e-06
8.634349999999999756e-06
1.251329999999999927e-05
1.192469999999999952e-05
7.880910000000000072e-06
1.119829999999999915e-05
1.024460000000000014e-05
1.060499999999999926e-05
1.086389999999999944e-05
8.546809999999999913e-06
8.673470000000000493e-06
8.442499999999999213e-06
9.529350000000000505e-06
9.614099999999999990e-06
1.118430000000000064e-05
9.216430000000000797e-06
1.093380000000000025e-05
8.975210000000000758e-06
9.439009999999999604e-06
8.971489999999999717e-06
9.963350000000000076e-06
1.029020000000000017e-05
9.498620000000000546e-06
9.279759999999999393e-06
9.421320000000000456e-06
9.677430000000000279e-06
9.420389999999999772e-06
1.019150000000000059e-05
9.622480000000000069e-06
1.020739999999999988e-05
9.478130000000000341e-06
1.013009999999999979e-05
9.654149999999999716e-06
9.552629999999999374e-06
9.650419999999999669e-06
1.005739999999999962e-05
9.728650000000000443e-06
1.021669999999999995e-05
9.982900000000000592e-06
1.001549999999999923e-05
9.469750000000000262e-06
9.686739999999999348e-06
9.901879999999999460e-06
9.660670000000000121e-06
9.710959999999999601e-06
9.930749999999999745e-06
9.790119999999999365e-06
9.700710000000000843e-06
9.927030000000000397e-06
9.898149999999999413e-06
9.833890000000000133e-06
9.870209999999999813e-06
9.802229999999999491e-06
9.782669999999999970e-06
9.861829999999999734e-06
9.830170000000000786e-06
9.726790000000000769e-06
9.676499999999999595e-06
9.742620000000000243e-06
9.697920000000000485e-06
9.853449999999999655e-06
9.659739999999999437e-06
9.879529999999999581e-06
9.710959999999999601e-06
9.832030000000000459e-06
9.886049999999999986e-06
9.778009999999999239e-06
9.846000000000000260e-06
9.794780000000000096e-06
9.850659999999999297e-06
9.745419999999999606e-06
9.736099999999999838e-06
9.839479999999999854e-06
9.820849999999999323e-06
9.861829999999999734e-06
9.891639999999999707e-06
9.750069999999999638e-06
9.778009999999999239e-06
9.934479999999999792e-06
9.658799999999999748e-06
9.760320000000000091e-06
