4.904298000000000999e-06
5.836513000000000509e-06
6.871252399999999034e-06
7.869064999999999849e-06
8.887109600000002641e-06
9.837208400000001270e-06
1.083379600000000194e-05
1.186497599999999670e-05
1.279959599999999928e-05
1.382353199999999821e-05
1.480584000000000087e-05
1.579532599999999880e-05
1.677999200000000006e-05
1.778733199999999912e-05
1.877679199999999761e-05
1.974955000000000135e-05
2.076872399999999546e-05
2.174745599999999767e-05
2.279770800000000558e-05
2.373948800000000252e-05
2.472884799999999739e-05
2.572546000000000357e-05
2.670538400000000310e-05
2.768769200000000067e-05
2.873793199999999555e-05
2.966532000000000010e-05
3.069898199999999603e-05
3.165864400000000249e-05
3.268624799999999680e-05
3.363874400000000070e-05
3.462096399999999415e-05
3.564022400000000377e-05
3.662134000000001079e-05
3.765728599999999777e-05
3.862876800000000440e-05
3.958365999999999567e-05
4.064821599999999863e-05
4.161860399999999920e-05
4.259613000000000581e-05
4.354735999999999975e-05
4.461549199999999808e-05
4.557395999999999827e-05
4.658487399999999731e-05
4.756946800000001860e-05
4.854700799999999637e-05
4.955196399999999739e-05
5.053188799999998337e-05
5.147840199999999028e-05
5.251786000000001152e-05
5.352639200000000114e-05
5.447293999999999417e-05
5.553868199999999471e-05
5.648751999999999886e-05
5.751274000000000528e-05
5.847836000000000299e-05
5.944755199999998495e-05
6.048700999999999942e-05
6.149222000000000195e-05
6.244941199999999148e-05
6.344006400000001778e-05
6.445097999999999528e-05
6.539752400000001784e-05
6.642741599999998383e-05
6.743356400000001267e-05
6.840752800000000184e-05
6.939102600000000474e-05
7.039000800000001746e-05
7.139249599999999355e-05
7.237718799999999595e-05
7.341432800000000276e-05
7.434656200000001360e-05
7.532043599999999647e-05
7.631704799999999248e-05
7.730770000000001879e-05
7.832219200000000521e-05
7.932231999999999239e-05
8.029624400000000587e-05
8.132742400000000232e-05
8.230258000000001254e-05
8.330156400000000372e-05
8.428497600000001144e-05
8.527801199999998497e-05
8.624840000000001943e-05
8.725812199999999743e-05
8.825225200000000412e-05
8.923932799999999440e-05
9.019779600000000814e-05
9.120871200000001274e-05
9.219696199999998757e-05
9.321494799999999886e-05
9.420440799999999057e-05
9.519744400000001831e-05
9.615709800000000931e-05
9.714765600000001820e-05
9.818598799999999184e-05
