2.676033363020695832e-08
4.271549467113768935e-08
7.636930701688994522e-08
7.001058914907092523e-08
4.339088351071007863e-08
7.440765821768609480e-08
6.480797778051737193e-08
7.093151220719867775e-08
6.057743130902824683e-08
5.034700960335156101e-08
5.839583546795120590e-08
5.465268084915885139e-08
5.493555438875647799e-08
6.752445909446447635e-08
6.249764104348237306e-08
7.313337746884110229e-08
7.363434676833877614e-08
7.052974453377853230e-08
8.017473876477541132e-08
4.773956279649046020e-08
8.140583330449973942e-08
5.716631175788805035e-08
7.535099564040275968e-08
5.493555438875669636e-08
7.447848398027413364e-08
6.976001146788894061e-08
5.956038848093632417e-08
6.420223098927280314e-08
4.279595420130295851e-08
5.433357032259213790e-08
3.233814935954140454e-08
6.680519309155614229e-08
8.512582686823025928e-08
7.279795054807455290e-08
6.059300764939677884e-08
6.556000000000072735e-08
7.246732604422551025e-08
7.401926495176740722e-08
5.934434176903362521e-08
6.419116450104368690e-08
8.105599999999959767e-08
8.595634240706181510e-08
5.483974037137600718e-08
8.330366003963914363e-08
5.746379674194929080e-08
6.375807324566890407e-08
5.235309595429829416e-08
1.492068878973077484e-07
6.446725680529732416e-08
7.860876246322718764e-08
7.077107883874602418e-08
5.371368797615755139e-08
7.655758616884426223e-08
8.860176973401696485e-08
3.998089543769668735e-08
6.393939080097632442e-08
7.446920773044391759e-08
8.227884296707267086e-08
6.082704872011909711e-08
7.012567506983183242e-08
6.335566904389788487e-08
5.924414084109868995e-08
6.971926379416209526e-08
6.910516553775243106e-08
5.255625192115541231e-08
9.209979546122892982e-08
6.683645663857327198e-08
5.785806412247186012e-08
8.923296395390981803e-08
1.021509922418747282e-07
7.767796827930112597e-08
5.791942596400654011e-08
7.986399999999868279e-08
7.725042912502190550e-08
6.362422129975532053e-08
8.843480310375463819e-08
6.637845481781142859e-08
6.759806671791486657e-08
7.538869941841583408e-08
7.268833127813314651e-08
4.199157324987893073e-08
7.542638434924553434e-08
5.330786058359641473e-08
7.291359074959692948e-08
5.826185798616377992e-08
5.922932733030334546e-08
6.827777664804209669e-08
7.081122125764864777e-08
6.531993536432845268e-08
7.116150150186507768e-08
6.554916274064632927e-08
5.592246117616850058e-08
5.787603127374802032e-08
5.717873786644862743e-08
9.002559778196425560e-08
