-1.783311599999999544e+02
2.129281907122635709e-01
-1.781615999999999644e+02
1.656086954238759068e-01
-1.783050000000000068e+02
1.379960869010428415e-01
-1.783435199999999838e+02
5.842952678227215230e-02
-1.783144800000000316e+02
7.287310615035154371e-02
-1.783003199999999993e+02
4.044623097397487266e-02
-1.783427999999999827e+02
5.820927761104974230e-02
-1.783598399999999629e+02
2.547733110041256258e-02
-1.782843600000000208e+02
2.207510815375627808e-02
-1.782907199999999648e+02
4.876844881683423116e-02
-1.782913199999999847e+02
2.670613412682663196e-02
-1.783022400000000118e+02
3.758433716324005580e-02
-1.782790799999999649e+02
1.418286289858346032e-02
-1.783214399999999955e+02
2.386642830421098482e-02
-1.783092000000000610e+02
1.730664612222780271e-02
-1.783196399999999926e+02
1.190421773994455694e-02
-1.783036799999999857e+02
2.078599528528842638e-02
-1.782892799999999625e+02
2.097907528944098488e-02
-1.782950399999999718e+02
1.965803652453696274e-02
-1.783047600000000159e+02
1.455961537953582262e-02
-1.782762000000000171e+02
8.506468127255016956e-03
-1.782732000000000028e+02
2.071521180195926709e-02
-1.782992399999999975e+02
9.764343295890780608e-03
-1.782998400000000174e+02
1.733823520431138770e-02
-1.783138800000000401e+02
2.055785981078847927e-02
-1.782889199999999903e+02
1.397832608004316232e-02
-1.783135199999999827e+02
1.186969249812355742e-02
-1.783032000000000039e+02
8.899438184515133174e-03
-1.782927599999999870e+02
4.680000000000177941e-03
-1.783012799999999629e+02
1.428151252493990893e-02
-1.782901199999999449e+02
9.636679926199013743e-03
-1.782873600000000067e+02
7.698727167526103060e-03
-1.783010400000000004e+02
6.390492938733528631e-03
-1.782852000000000317e+02
6.349803146555258598e-03
-1.782929999999999495e+02
5.660388679234176421e-03
-1.783020000000000493e+02
6.118823416311573553e-03
-1.783011600000000101e+02
6.001199880024221493e-03
-1.782888000000000090e+02
3.794733192202199255e-03
-1.782955200000000104e+02
1.058723760005453492e-02
-1.782952800000000479e+02
4.745692783988625894e-03
-1.782982799999999770e+02
1.286241034954228694e-02
-1.782872399999999971e+02
5.904439008068643885e-03
-1.783070399999999722e+02
4.547350877159312549e-03
-1.782963599999999929e+02
8.932547229094624230e-03
-1.783003200000000277e+02
1.287080417068073301e-02
-1.782894000000000005e+02
6.814690014960587440e-03
-1.782952799999999911e+02
6.642409201487314840e-03
-1.783056000000000552e+02
3.600000000000136077e-03
-1.782979200000000617e+02
4.560000000000172422e-03
-1.783027199999999652e+02
5.180887954781693283e-03
-1.783004399999999805e+02
4.771414884497231397e-03
-1.783023599999999647e+02
3.038157336281434220e-03
-1.783001999999999612e+02
6.029925372672762657e-03
-1.783029599999999846e+02
5.922702086041696512e-03
-1.782853199999999845e+02
5.536930557628686952e-03
-1.782968399999999747e+02
3.981758405529044545e-03
-1.782872399999999971e+02
5.781210945814252607e-03
-1.782930000000000064e+02
8.506468127255016956e-03
-1.782954000000000008e+02
4.368065933568475966e-03
-1.783015200000000107e+02
4.464258057057355830e-03
-1.782946799999999712e+02
7.616928514828295686e-03
-1.782973200000000418e+02
5.132017147282537731e-03
-1.782988799999999969e+02
4.198285364288774878e-03
-1.782980400000000145e+02
7.260743763555080332e-03
-1.782931199999999876e+02
7.223960132780629997e-03
-1.782926400000000342e+02
4.970955642530103767e-03
-1.782964799999999741e+02
3.360000000000127642e-03
-1.782965999999999553e+02
5.909314681077886509e-03
-1.782954000000000008e+02
3.231098884280825603e-03
-1.782907200000000500e+02
7.649941176244718852e-03
-1.782961200000000019e+02
6.626130092293942495e-03
-1.782937200000000075e+02
3.960000000000150899e-03
-1.782932399999999973e+02
4.523538437993154457e-03
-1.782926400000000342e+02
2.978321675037918278e-03
-1.783036800000000142e+02
3.802315084261309857e-03
-1.783026000000000124e+02
2.749545416973608360e-03
-1.782931199999999876e+02
5.908096140043986658e-03
-1.782899999999999920e+02
5.091168824543334734e-03
-1.782978000000000236e+02
4.983974317751034208e-03
-1.782922800000000336e+02
3.149857139617724330e-03
-1.782986400000000060e+02
3.210981158462437954e-03
-1.782984000000000435e+02
3.600000000000136511e-03
-1.782950400000000570e+02
2.199636333578886774e-03
-1.782908400000000313e+02
3.396233207540506286e-03
-1.782950400000000002e+02
2.199636333578886341e-03
-1.782966000000000122e+02
3.000000000000113687e-03
-1.782974400000000230e+02
5.307202652999236728e-03
-1.782939599999999984e+02
4.088814008976351423e-03
-1.782958800000000110e+02
6.176212431579963975e-03
-1.782925200000000530e+02
3.617955223603657247e-03
-1.782949200000000189e+02
3.537456713516216184e-03
-1.782948000000000377e+02
2.400000000000090863e-03
-1.782951599999999530e+02
4.328325311249307632e-03
-1.782905999999999835e+02
2.163330765278475339e-03
-1.782934800000000450e+02
2.961351043020847822e-03
-1.782907199999999932e+02
3.316865990660586554e-03
-1.782951600000000383e+02
2.081922188747775595e-03
-1.782898800000000392e+02
1.893568060567211390e-03
