-1.020840000000000032e+02
-1.017240000000000038e+02
-1.020540000000000020e+02
-1.019039999999999964e+02
-1.020720000000000027e+02
-1.021200000000000045e+02
-1.020600000000000023e+02
-1.022879999999999967e+02
-1.021200000000000045e+02
-1.024560000000000031e+02
-1.022219999999999942e+02
-1.025699999999999932e+02
-1.023299999999999983e+02
-1.026599999999999966e+02
-1.024260000000000019e+02
-1.027860000000000014e+02
-1.025340000000000060e+02
-1.027740000000000009e+02
-1.026359999999999957e+02
-1.029899999999999949e+02
-1.027379999999999995e+02
-1.031039999999999992e+02
-1.028340000000000032e+02
-1.032000000000000028e+02
-1.029599999999999937e+02
-1.032780000000000058e+02
-1.031219999999999999e+02
-1.032900000000000063e+02
-1.033319999999999936e+02
-1.032960000000000065e+02
-1.035300000000000011e+02
-1.033259999999999934e+02
-1.036860000000000070e+02
-1.034219999999999970e+02
-1.037279999999999944e+02
-1.036620000000000061e+02
-1.036860000000000070e+02
-1.039260000000000019e+02
-1.036800000000000068e+02
-1.040580000000000069e+02
-1.038719999999999999e+02
-1.040160000000000053e+02
-1.042259999999999991e+02
-1.039560000000000031e+02
-1.043460000000000036e+02
-1.041779999999999973e+02
-1.042560000000000002e+02
-1.045679999999999978e+02
-1.043820000000000050e+02
-1.050480000000000018e+02
1.015859999999999985e+02
1.163220000000000027e+02
-1.046640000000000015e+02
-1.044120000000000061e+02
-1.044779999999999944e+02
-1.048199999999999932e+02
-1.045379999999999967e+02
-1.047360000000000042e+02
-1.049339999999999975e+02
-1.046460000000000008e+02
-1.049219999999999970e+02
-1.050780000000000030e+02
-1.048080000000000069e+02
-1.051020000000000039e+02
-1.052459999999999951e+02
-1.049579999999999984e+02
-1.052579999999999956e+02
-1.054080000000000013e+02
-1.051080000000000041e+02
-1.053840000000000003e+02
-1.055580000000000069e+02
-1.052819999999999965e+02
-1.054620000000000033e+02
-1.057439999999999998e+02
-1.054740000000000038e+02
-1.055280000000000058e+02
-1.058700000000000045e+02
-1.057199999999999989e+02
-1.055939999999999941e+02
-1.059479999999999933e+02
-1.059719999999999942e+02
-1.057079999999999984e+02
-1.059539999999999935e+02
-1.062120000000000033e+02
-1.059719999999999942e+02
-1.059599999999999937e+02
-1.063259999999999934e+02
-1.063020000000000067e+02
-1.060499999999999972e+02
-1.063259999999999934e+02
-1.065660000000000025e+02
-1.063319999999999936e+02
-1.062420000000000044e+02
-1.066020000000000039e+02
-1.067159999999999940e+02
-1.064219999999999970e+02
-1.064879999999999995e+02
-1.068299999999999983e+02
-1.068119999999999976e+02
-1.065660000000000025e+02
