4.276310000000000180e-03
4.280120000000000105e-03
4.301100000000000409e-03
4.322079999999999846e-03
4.343060000000000150e-03
4.364039999999999586e-03
4.385019999999999890e-03
4.409820000000000059e-03
4.428890000000000431e-03
4.449869999999999867e-03
4.472760000000000104e-03
4.495650000000000340e-03
4.518539999999999709e-03
4.539520000000000013e-03
4.560500000000000317e-03
4.583389999999999687e-03
4.606279999999999923e-03
4.634890000000000017e-03
4.653960000000000388e-03
4.676849999999999757e-03
4.699739999999999994e-03
4.726440000000000155e-03
4.749330000000000392e-03
4.774119999999999753e-03
4.798919999999999922e-03
4.823710000000000150e-03
4.850420000000000252e-03
4.877120000000000413e-03
4.905729999999999640e-03
4.934339999999999733e-03
4.962949999999999827e-03
4.995379999999999786e-03
5.029709999999999737e-03
5.060229999999999763e-03
5.096469999999999646e-03
5.134610000000000389e-03
5.174670000000000138e-03
5.220439999999999803e-03
5.270030000000000200e-03
5.323439999999999596e-03
5.386379999999999640e-03
5.455050000000000350e-03
5.540879999999999764e-03
5.643869999999999616e-03
5.777390000000000303e-03
5.954769999999999855e-03
6.212259999999999831e-03
6.631879999999999720e-03
7.459669999999999843e-03
9.933529999999999444e-03
5.460949999999999832e-02
8.735690000000000382e-04
2.744690000000000150e-03
3.561030000000000185e-03
3.973039999999999732e-03
4.226709999999999842e-03
4.402190000000000270e-03
4.531890000000000224e-03
4.634890000000000017e-03
4.718810000000000365e-03
4.789380000000000200e-03
4.848510000000000320e-03
4.903819999999999707e-03
4.949600000000000180e-03
4.991559999999999921e-03
5.033519999999999661e-03
5.069760000000000412e-03
5.106000000000000295e-03
5.140330000000000246e-03
5.168940000000000340e-03
5.199460000000000366e-03
5.228069999999999592e-03
5.254779999999999694e-03
5.281479999999999855e-03
5.306270000000000084e-03
5.332980000000000186e-03
5.357770000000000414e-03
5.382569999999999716e-03
5.403550000000000020e-03
5.426440000000000256e-03
5.449319999999999685e-03
5.472209999999999921e-03
5.491290000000000233e-03
5.516079999999999595e-03
5.535159999999999907e-03
5.558040000000000203e-03
5.577119999999999647e-03
5.598099999999999951e-03
5.617170000000000323e-03
5.636249999999999767e-03
5.657230000000000071e-03
5.676299999999999575e-03
5.695369999999999946e-03
5.716350000000000250e-03
5.733519999999999762e-03
5.754500000000000066e-03
5.769759999999999646e-03
5.790739999999999950e-03
5.807910000000000329e-03
5.826979999999999833e-03
