4.000000000000000000e+04
4.020202020202020503e+04
4.040404040404040279e+04
4.060606060606060782e+04
4.080808080808080558e+04
4.101010101010101062e+04
4.121212121212121565e+04
4.141414141414141341e+04
4.161616161616161844e+04
4.181818181818181620e+04
4.202020202020202123e+04
4.222222222222221899e+04
4.242424242424242402e+04
4.262626262626262906e+04
4.282828282828282681e+04
4.303030303030303185e+04
4.323232323232322960e+04
4.343434343434343464e+04
4.363636363636363967e+04
4.383838383838383743e+04
4.404040404040404246e+04
4.424242424242424022e+04
4.444444444444444525e+04
4.464646464646465029e+04
4.484848484848484804e+04
4.505050505050505308e+04
4.525252525252525083e+04
4.545454545454545587e+04
4.565656565656565363e+04
4.585858585858585866e+04
4.606060606060606369e+04
4.626262626262626145e+04
4.646464646464646648e+04
4.666666666666666424e+04
4.686868686868686927e+04
4.707070707070706703e+04
4.727272727272727207e+04
4.747474747474747710e+04
4.767676767676767486e+04
4.787878787878787989e+04
4.808080808080808492e+04
4.828282828282828268e+04
4.848484848484848044e+04
4.868686868686868547e+04
4.888888888888889051e+04
4.909090909090908826e+04
4.929292929292929330e+04
4.949494949494949833e+04
4.969696969696969609e+04
4.989898989898990112e+04
5.010101010101009888e+04
5.030303030303030391e+04
5.050505050505050167e+04
5.070707070707070670e+04
5.090909090909091174e+04
5.111111111111110949e+04
5.131313131313131453e+04
5.151515151515151956e+04
5.171717171717171732e+04
5.191919191919191508e+04
5.212121212121212011e+04
5.232323232323232514e+04
5.252525252525252290e+04
5.272727272727272793e+04
5.292929292929293297e+04
5.313131313131313073e+04
5.333333333333333576e+04
5.353535353535353352e+04
5.373737373737373855e+04
5.393939393939393631e+04
5.414141414141414134e+04
5.434343434343434637e+04
5.454545454545454413e+04
5.474747474747474917e+04
5.494949494949494692e+04
5.515151515151515196e+04
5.535353535353534971e+04
5.555555555555555475e+04
5.575757575757575978e+04
5.595959595959595754e+04
5.616161616161616257e+04
5.636363636363636761e+04
5.656565656565656536e+04
5.676767676767676312e+04
5.696969696969696815e+04
5.717171717171717319e+04
5.737373737373737094e+04
5.757575757575757598e+04
5.777777777777778101e+04
5.797979797979797877e+04
5.818181818181817653e+04
5.838383838383838884e+04
5.858585858585858659e+04
5.878787878787878435e+04
5.898989898989898938e+04
5.919191919191919442e+04
5.939393939393939218e+04
5.959595959595959721e+04
5.979797979797980224e+04
6.000000000000000000e+04
