# sens: 22
# slope: 3
# t_int: 8
# ref_v: 0.1
# Los datos estan ordenados de forma freqs, rs, ts.
4.950000000000000000e+04 4.951111111111110949e+04 4.952222222222221899e+04
4.953333333333333576e+04 4.954444444444444525e+04 4.955555555555555475e+04
4.956666666666666424e+04 4.957777777777778101e+04 4.958888888888889051e+04
4.960000000000000000e+04 4.961111111111110949e+04 4.962222222222221899e+04
4.963333333333333576e+04 4.964444444444444525e+04 4.965555555555555475e+04
4.966666666666666424e+04 4.967777777777778101e+04 4.968888888888889051e+04
4.970000000000000000e+04 4.971111111111110949e+04 4.972222222222221899e+04
4.973333333333333576e+04 4.974444444444444525e+04 4.975555555555555475e+04
4.976666666666666424e+04 4.977777777777778101e+04 4.978888888888889051e+04
4.980000000000000000e+04 4.981111111111110949e+04 4.982222222222221899e+04
4.983333333333333576e+04 4.984444444444444525e+04 4.985555555555555475e+04
4.986666666666666424e+04 4.987777777777778101e+04 4.988888888888889051e+04
4.990000000000000000e+04 4.991111111111110949e+04 4.992222222222221899e+04
4.993333333333333576e+04 4.994444444444444525e+04 4.995555555555555475e+04
4.996666666666666424e+04 4.997777777777778101e+04 4.998888888888889051e+04
5.000000000000000000e+04 5.001111111111110949e+04 5.002222222222221899e+04
5.003333333333333576e+04 5.004444444444444525e+04 5.005555555555555475e+04
5.006666666666666424e+04 5.007777777777778101e+04 5.008888888888889051e+04
5.010000000000000000e+04 5.011111111111110949e+04 5.012222222222221899e+04
5.013333333333333576e+04 5.014444444444444525e+04 5.015555555555555475e+04
5.016666666666666424e+04 5.017777777777778101e+04 5.018888888888889051e+04
5.020000000000000000e+04 5.021111111111110949e+04 5.022222222222221899e+04
5.023333333333333576e+04 5.024444444444444525e+04 5.025555555555555475e+04
5.026666666666666424e+04 5.027777777777778101e+04 5.028888888888889051e+04
5.030000000000000000e+04 5.031111111111110949e+04 5.032222222222221899e+04
5.033333333333333576e+04 5.034444444444444525e+04 5.035555555555555475e+04
5.036666666666666424e+04 5.037777777777778101e+04 5.038888888888889051e+04
5.040000000000000000e+04 5.041111111111110949e+04 5.042222222222221899e+04
5.043333333333333576e+04 5.044444444444444525e+04 5.045555555555555475e+04
5.046666666666666424e+04 5.047777777777778101e+04 5.048888888888889051e+04
5.050000000000000000e+04 5.051111111111110949e+04 5.052222222222221899e+04
5.053333333333333576e+04 5.054444444444444525e+04 5.055555555555555475e+04
5.056666666666666424e+04 5.057777777777778101e+04 5.058888888888889051e+04
5.060000000000000000e+04 6.637599999999999577e-03 6.681470000000000117e-03
6.713900000000000076e-03 6.748230000000000027e-03 6.784469999999999910e-03
6.820709999999999794e-03 6.858859999999999610e-03 6.900820000000000218e-03
6.942779999999999958e-03 6.986649999999999631e-03 7.030520000000000172e-03
7.078199999999999770e-03 7.129700000000000100e-03 7.181200000000000430e-03
7.234599999999999885e-03 7.293730000000000005e-03 7.352860000000000125e-03
7.417710000000000102e-03 7.486370000000000004e-03 7.555039999999999846e-03
7.631330000000000405e-03 7.711439999999999961e-03 7.799180000000000175e-03
7.886950000000000210e-03 7.982309999999999406e-03 8.087220000000000866e-03
8.197839999999999641e-03 8.318010000000000681e-03 8.441979999999999970e-03
8.581220000000000514e-03 8.728090000000000848e-03 8.892119999999999885e-03
9.069499999999999437e-03 9.264049999999999369e-03 9.479579999999999604e-03
9.716090000000000143e-03 9.979309999999999917e-03 1.027299999999999915e-02
1.060679999999999956e-02 1.098449999999999947e-02 1.141939999999999969e-02
1.192099999999999931e-02 1.250650000000000026e-02 1.320460000000000036e-02
1.404580000000000065e-02 1.508529999999999940e-02 1.639569999999999916e-02
1.810089999999999963e-02 2.041640000000000121e-02 2.373710000000000056e-02
2.888879999999999920e-02 3.796030000000000237e-02 5.460949999999999832e-02
5.460949999999999832e-02 5.460949999999999832e-02 5.460949999999999832e-02
3.085910000000000042e-02 2.030190000000000120e-02 1.454549999999999940e-02
1.092729999999999917e-02 8.443890000000000770e-03 6.631879999999999720e-03
5.249049999999999896e-03 4.154240000000000016e-03 3.265399999999999900e-03
2.532969999999999840e-03 1.913079999999999945e-03 1.386649999999999905e-03
9.307900000000000245e-04 5.359689999999999637e-04 1.869209999999999947e-04
1.297009999999999971e-04 3.967299999999999776e-04 6.427800000000000223e-04
8.621250000000000441e-04 1.060490000000000087e-03 1.239780000000000005e-03
1.405720000000000060e-03 1.556400000000000101e-03 1.693730000000000062e-03
1.821530000000000024e-03 1.941690000000000039e-03 2.054230000000000205e-03
2.159129999999999990e-03 2.256409999999999926e-03 2.347960000000000064e-03
2.433789999999999912e-03 2.513899999999999902e-03 2.592099999999999960e-03
2.666490000000000093e-03 2.733250000000000002e-03 2.799999999999999972e-03
2.862949999999999957e-03 2.920170000000000144e-03 2.977389999999999898e-03
3.030789999999999786e-03 3.080380000000000184e-03 3.129970000000000148e-03
3.177660000000000120e-03 3.221529999999999793e-03 -1.045439999999999969e+02
-1.045619999999999976e+02 -1.045499999999999972e+02 -1.045439999999999969e+02
-1.045139999999999958e+02 -1.045019999999999953e+02 -1.044899999999999949e+02
-1.044899999999999949e+02 -1.044539999999999935e+02 -1.044479999999999933e+02
-1.044240000000000066e+02 -1.044120000000000061e+02 -1.043880000000000052e+02
-1.043760000000000048e+02 -1.043880000000000052e+02 -1.043820000000000050e+02
-1.043820000000000050e+02 -1.043760000000000048e+02 -1.043880000000000052e+02
-1.043940000000000055e+02 -1.044000000000000057e+02 -1.044180000000000064e+02
-1.044300000000000068e+02 -1.044479999999999933e+02 -1.044839999999999947e+02
-1.045139999999999958e+02 -1.045439999999999969e+02 -1.045859999999999985e+02
-1.046340000000000003e+02 -1.046700000000000017e+02 -1.047180000000000035e+02
-1.047660000000000053e+02 -1.048319999999999936e+02 -1.048739999999999952e+02
-1.049339999999999975e+02 -1.049879999999999995e+02 -1.050480000000000018e+02
-1.051080000000000041e+02 -1.051740000000000066e+02 -1.052519999999999953e+02
-1.053179999999999978e+02 -1.053960000000000008e+02 -1.054980000000000047e+02
-1.055939999999999941e+02 -1.057079999999999984e+02 -1.058460000000000036e+02
-1.060199999999999960e+02 -1.062300000000000040e+02 -1.065540000000000020e+02
-1.070160000000000053e+02 -1.077540000000000049e+02 -1.090859999999999985e+02
-1.121640000000000015e+02 -1.249500000000000028e+02 1.067459999999999951e+02
8.617799999999999727e+01 8.193000000000000682e+01 8.038200000000000500e+01
7.962600000000000477e+01 7.923600000000000421e+01 7.900799999999999557e+01
7.884600000000000364e+01 7.871999999999999886e+01 7.861799999999999500e+01
7.858199999999999363e+01 7.861799999999999500e+01 7.870799999999999841e+01
7.891800000000000637e+01 7.949399999999999977e+01 8.106600000000000250e+01
8.848199999999999932e+01 -1.208400000000000034e+02 -1.092660000000000053e+02
-1.071659999999999968e+02 -1.063679999999999950e+02 -1.059360000000000070e+02
-1.057319999999999993e+02 -1.055340000000000060e+02 -1.054080000000000013e+02
-1.052219999999999942e+02 -1.051020000000000039e+02 -1.050120000000000005e+02
-1.049459999999999980e+02 -1.048919999999999959e+02 -1.048439999999999941e+02
-1.048080000000000069e+02 -1.047480000000000047e+02 -1.047000000000000028e+02
-1.047060000000000031e+02 -1.046640000000000015e+02 -1.046460000000000008e+02
-1.046460000000000008e+02 -1.046340000000000003e+02 -1.046400000000000006e+02
-1.046219999999999999e+02 -1.046159999999999997e+02 -1.046280000000000001e+02
-1.046159999999999997e+02 -1.046099999999999994e+02 -1.045919999999999987e+02
