4.950000000000000000e+04
4.951111111111110949e+04
4.952222222222221899e+04
4.953333333333333576e+04
4.954444444444444525e+04
4.955555555555555475e+04
4.956666666666666424e+04
4.957777777777778101e+04
4.958888888888889051e+04
4.960000000000000000e+04
4.961111111111110949e+04
4.962222222222221899e+04
4.963333333333333576e+04
4.964444444444444525e+04
4.965555555555555475e+04
4.966666666666666424e+04
4.967777777777778101e+04
4.968888888888889051e+04
4.970000000000000000e+04
4.971111111111110949e+04
4.972222222222221899e+04
4.973333333333333576e+04
4.974444444444444525e+04
4.975555555555555475e+04
4.976666666666666424e+04
4.977777777777778101e+04
4.978888888888889051e+04
4.980000000000000000e+04
4.981111111111110949e+04
4.982222222222221899e+04
4.983333333333333576e+04
4.984444444444444525e+04
4.985555555555555475e+04
4.986666666666666424e+04
4.987777777777778101e+04
4.988888888888889051e+04
4.990000000000000000e+04
4.991111111111110949e+04
4.992222222222221899e+04
4.993333333333333576e+04
4.994444444444444525e+04
4.995555555555555475e+04
4.996666666666666424e+04
4.997777777777778101e+04
4.998888888888889051e+04
5.000000000000000000e+04
5.001111111111110949e+04
5.002222222222221899e+04
5.003333333333333576e+04
5.004444444444444525e+04
5.005555555555555475e+04
5.006666666666666424e+04
5.007777777777778101e+04
5.008888888888889051e+04
5.010000000000000000e+04
5.011111111111110949e+04
5.012222222222221899e+04
5.013333333333333576e+04
5.014444444444444525e+04
5.015555555555555475e+04
5.016666666666666424e+04
5.017777777777778101e+04
5.018888888888889051e+04
5.020000000000000000e+04
5.021111111111110949e+04
5.022222222222221899e+04
5.023333333333333576e+04
5.024444444444444525e+04
5.025555555555555475e+04
5.026666666666666424e+04
5.027777777777778101e+04
5.028888888888889051e+04
5.030000000000000000e+04
5.031111111111110949e+04
5.032222222222221899e+04
5.033333333333333576e+04
5.034444444444444525e+04
5.035555555555555475e+04
5.036666666666666424e+04
5.037777777777778101e+04
5.038888888888889051e+04
5.040000000000000000e+04
5.041111111111110949e+04
5.042222222222221899e+04
5.043333333333333576e+04
5.044444444444444525e+04
5.045555555555555475e+04
5.046666666666666424e+04
5.047777777777778101e+04
5.048888888888889051e+04
5.050000000000000000e+04
5.051111111111110949e+04
5.052222222222221899e+04
5.053333333333333576e+04
5.054444444444444525e+04
5.055555555555555475e+04
5.056666666666666424e+04
5.057777777777778101e+04
5.058888888888889051e+04
5.060000000000000000e+04
