6.637599999999999577e-03
6.681470000000000117e-03
6.713900000000000076e-03
6.748230000000000027e-03
6.784469999999999910e-03
6.820709999999999794e-03
6.858859999999999610e-03
6.900820000000000218e-03
6.942779999999999958e-03
6.986649999999999631e-03
7.030520000000000172e-03
7.078199999999999770e-03
7.129700000000000100e-03
7.181200000000000430e-03
7.234599999999999885e-03
7.293730000000000005e-03
7.352860000000000125e-03
7.417710000000000102e-03
7.486370000000000004e-03
7.555039999999999846e-03
7.631330000000000405e-03
7.711439999999999961e-03
7.799180000000000175e-03
7.886950000000000210e-03
7.982309999999999406e-03
8.087220000000000866e-03
8.197839999999999641e-03
8.318010000000000681e-03
8.441979999999999970e-03
8.581220000000000514e-03
8.728090000000000848e-03
8.892119999999999885e-03
9.069499999999999437e-03
9.264049999999999369e-03
9.479579999999999604e-03
9.716090000000000143e-03
9.979309999999999917e-03
1.027299999999999915e-02
1.060679999999999956e-02
1.098449999999999947e-02
1.141939999999999969e-02
1.192099999999999931e-02
1.250650000000000026e-02
1.320460000000000036e-02
1.404580000000000065e-02
1.508529999999999940e-02
1.639569999999999916e-02
1.810089999999999963e-02
2.041640000000000121e-02
2.373710000000000056e-02
2.888879999999999920e-02
3.796030000000000237e-02
5.460949999999999832e-02
5.460949999999999832e-02
5.460949999999999832e-02
5.460949999999999832e-02
3.085910000000000042e-02
2.030190000000000120e-02
1.454549999999999940e-02
1.092729999999999917e-02
8.443890000000000770e-03
6.631879999999999720e-03
5.249049999999999896e-03
4.154240000000000016e-03
3.265399999999999900e-03
2.532969999999999840e-03
1.913079999999999945e-03
1.386649999999999905e-03
9.307900000000000245e-04
5.359689999999999637e-04
1.869209999999999947e-04
1.297009999999999971e-04
3.967299999999999776e-04
6.427800000000000223e-04
8.621250000000000441e-04
1.060490000000000087e-03
1.239780000000000005e-03
1.405720000000000060e-03
1.556400000000000101e-03
1.693730000000000062e-03
1.821530000000000024e-03
1.941690000000000039e-03
2.054230000000000205e-03
2.159129999999999990e-03
2.256409999999999926e-03
2.347960000000000064e-03
2.433789999999999912e-03
2.513899999999999902e-03
2.592099999999999960e-03
2.666490000000000093e-03
2.733250000000000002e-03
2.799999999999999972e-03
2.862949999999999957e-03
2.920170000000000144e-03
2.977389999999999898e-03
3.030789999999999786e-03
3.080380000000000184e-03
3.129970000000000148e-03
3.177660000000000120e-03
3.221529999999999793e-03
