-1.045439999999999969e+02
-1.045619999999999976e+02
-1.045499999999999972e+02
-1.045439999999999969e+02
-1.045139999999999958e+02
-1.045019999999999953e+02
-1.044899999999999949e+02
-1.044899999999999949e+02
-1.044539999999999935e+02
-1.044479999999999933e+02
-1.044240000000000066e+02
-1.044120000000000061e+02
-1.043880000000000052e+02
-1.043760000000000048e+02
-1.043880000000000052e+02
-1.043820000000000050e+02
-1.043820000000000050e+02
-1.043760000000000048e+02
-1.043880000000000052e+02
-1.043940000000000055e+02
-1.044000000000000057e+02
-1.044180000000000064e+02
-1.044300000000000068e+02
-1.044479999999999933e+02
-1.044839999999999947e+02
-1.045139999999999958e+02
-1.045439999999999969e+02
-1.045859999999999985e+02
-1.046340000000000003e+02
-1.046700000000000017e+02
-1.047180000000000035e+02
-1.047660000000000053e+02
-1.048319999999999936e+02
-1.048739999999999952e+02
-1.049339999999999975e+02
-1.049879999999999995e+02
-1.050480000000000018e+02
-1.051080000000000041e+02
-1.051740000000000066e+02
-1.052519999999999953e+02
-1.053179999999999978e+02
-1.053960000000000008e+02
-1.054980000000000047e+02
-1.055939999999999941e+02
-1.057079999999999984e+02
-1.058460000000000036e+02
-1.060199999999999960e+02
-1.062300000000000040e+02
-1.065540000000000020e+02
-1.070160000000000053e+02
-1.077540000000000049e+02
-1.090859999999999985e+02
-1.121640000000000015e+02
-1.249500000000000028e+02
1.067459999999999951e+02
8.617799999999999727e+01
8.193000000000000682e+01
8.038200000000000500e+01
7.962600000000000477e+01
7.923600000000000421e+01
7.900799999999999557e+01
7.884600000000000364e+01
7.871999999999999886e+01
7.861799999999999500e+01
7.858199999999999363e+01
7.861799999999999500e+01
7.870799999999999841e+01
7.891800000000000637e+01
7.949399999999999977e+01
8.106600000000000250e+01
8.848199999999999932e+01
-1.208400000000000034e+02
-1.092660000000000053e+02
-1.071659999999999968e+02
-1.063679999999999950e+02
-1.059360000000000070e+02
-1.057319999999999993e+02
-1.055340000000000060e+02
-1.054080000000000013e+02
-1.052219999999999942e+02
-1.051020000000000039e+02
-1.050120000000000005e+02
-1.049459999999999980e+02
-1.048919999999999959e+02
-1.048439999999999941e+02
-1.048080000000000069e+02
-1.047480000000000047e+02
-1.047000000000000028e+02
-1.047060000000000031e+02
-1.046640000000000015e+02
-1.046460000000000008e+02
-1.046460000000000008e+02
-1.046340000000000003e+02
-1.046400000000000006e+02
-1.046219999999999999e+02
-1.046159999999999997e+02
-1.046280000000000001e+02
-1.046159999999999997e+02
-1.046099999999999994e+02
-1.045919999999999987e+02
