6.610900000000000283e-03
6.679560000000000185e-03
6.713900000000000076e-03
6.748230000000000027e-03
6.786379999999999843e-03
6.820709999999999794e-03
6.858859999999999610e-03
6.900820000000000218e-03
6.942779999999999958e-03
6.984739999999999699e-03
7.026700000000000307e-03
7.076289999999999837e-03
7.129700000000000100e-03
7.179289999999999630e-03
7.232699999999999893e-03
7.289920000000000080e-03
7.350950000000000192e-03
7.419620000000000035e-03
7.480650000000000147e-03
7.553129999999999913e-03
7.629419999999999605e-03
7.709530000000000029e-03
7.797270000000000242e-03
7.888849999999999335e-03
7.980410000000000281e-03
8.083399999999999266e-03
8.197839999999999641e-03
8.316099999999999881e-03
8.441979999999999970e-03
8.579309999999999714e-03
8.728090000000000848e-03
8.892119999999999885e-03
9.071410000000000237e-03
9.262140000000000303e-03
9.479579999999999604e-03
9.716090000000000143e-03
9.979309999999999917e-03
1.026919999999999916e-02
1.060490000000000044e-02
1.098260000000000035e-02
1.142130000000000055e-02
1.191719999999999932e-02
1.250850000000000052e-02
1.320269999999999951e-02
1.404580000000000065e-02
1.508340000000000028e-02
1.639569999999999916e-02
1.809699999999999850e-02
2.041259999999999949e-02
2.373139999999999972e-02
2.888119999999999923e-02
3.794499999999999956e-02
5.810570000000000318e-02
1.092189999999999966e-01
1.092189999999999966e-01
5.656839999999999785e-02
3.086859999999999951e-02
2.030190000000000120e-02
1.454549999999999940e-02
1.092920000000000003e-02
8.438170000000000046e-03
6.629969999999999787e-03
5.245239999999999972e-03
4.154240000000000016e-03
3.261580000000000035e-03
2.532969999999999840e-03
1.911170000000000013e-03
1.388560000000000055e-03
9.307900000000000245e-04
5.340609999999999542e-04
1.869209999999999947e-04
1.297009999999999971e-04
3.967299999999999776e-04
6.446880000000000319e-04
8.621250000000000441e-04
1.056679999999999946e-03
1.239780000000000005e-03
1.403820000000000068e-03
1.556400000000000101e-03
1.693730000000000062e-03
1.819620000000000092e-03
1.941690000000000039e-03
2.052319999999999839e-03
2.159129999999999990e-03
2.250690000000000069e-03
2.346050000000000132e-03
2.429979999999999987e-03
2.513899999999999902e-03
2.590190000000000027e-03
2.666490000000000093e-03
2.735149999999999994e-03
2.796190000000000047e-03
2.861040000000000024e-03
2.918260000000000211e-03
2.975479999999999965e-03
3.032700000000000153e-03
3.082290000000000117e-03
3.128070000000000156e-03
3.173839999999999821e-03
3.219619999999999860e-03
