-1.045679999999999978e+02
-1.045559999999999974e+02
-1.045499999999999972e+02
-1.045319999999999965e+02
-1.045079999999999956e+02
-1.045139999999999958e+02
-1.044899999999999949e+02
-1.044839999999999947e+02
-1.044539999999999935e+02
-1.044479999999999933e+02
-1.044120000000000061e+02
-1.044240000000000066e+02
-1.043760000000000048e+02
-1.043760000000000048e+02
-1.043760000000000048e+02
-1.043640000000000043e+02
-1.043820000000000050e+02
-1.043640000000000043e+02
-1.043880000000000052e+02
-1.043820000000000050e+02
-1.043880000000000052e+02
-1.044180000000000064e+02
-1.044300000000000068e+02
-1.044599999999999937e+02
-1.044839999999999947e+02
-1.045139999999999958e+02
-1.045499999999999972e+02
-1.045979999999999990e+02
-1.046340000000000003e+02
-1.046700000000000017e+02
-1.047300000000000040e+02
-1.047660000000000053e+02
-1.048379999999999939e+02
-1.048859999999999957e+02
-1.049339999999999975e+02
-1.049879999999999995e+02
-1.050360000000000014e+02
-1.051020000000000039e+02
-1.051740000000000066e+02
-1.052519999999999953e+02
-1.053119999999999976e+02
-1.054020000000000010e+02
-1.055040000000000049e+02
-1.055939999999999941e+02
-1.057079999999999984e+02
-1.058460000000000036e+02
-1.060139999999999958e+02
-1.062300000000000040e+02
-1.065540000000000020e+02
-1.070220000000000056e+02
-1.077540000000000049e+02
-1.090799999999999983e+02
-1.121340000000000003e+02
-1.248539999999999992e+02
1.067159999999999940e+02
8.613599999999999568e+01
8.193000000000000682e+01
8.037000000000000455e+01
7.962600000000000477e+01
7.922400000000000375e+01
7.900199999999999534e+01
7.884000000000000341e+01
7.871999999999999886e+01
7.861799999999999500e+01
7.857599999999999341e+01
7.861799999999999500e+01
7.875000000000000000e+01
7.893000000000000682e+01
7.949399999999999977e+01
8.106600000000000250e+01
8.798999999999999488e+01
-1.212180000000000035e+02
-1.090439999999999969e+02
-1.071239999999999952e+02
-1.063379999999999939e+02
-1.060439999999999969e+02
-1.057139999999999986e+02
-1.055160000000000053e+02
-1.054080000000000013e+02
-1.052639999999999958e+02
-1.051560000000000059e+02
-1.050120000000000005e+02
-1.049639999999999986e+02
-1.048499999999999943e+02
-1.048139999999999930e+02
-1.048080000000000069e+02
-1.047600000000000051e+02
-1.047360000000000042e+02
-1.046640000000000015e+02
-1.046940000000000026e+02
-1.046820000000000022e+02
-1.046820000000000022e+02
-1.046340000000000003e+02
-1.046099999999999994e+02
-1.046580000000000013e+02
-1.046460000000000008e+02
-1.045919999999999987e+02
-1.046159999999999997e+02
-1.045919999999999987e+02
-1.045679999999999978e+02
