8.554259999999999308e-06
8.503960000000000823e-06
8.274859999999999917e-06
8.014089999999999362e-06
7.831549999999999582e-06
7.549330000000000275e-06
7.263409999999999631e-06
7.000780000000000250e-06
6.693440000000000411e-06
6.102989999999999991e-06
5.680169999999999862e-06
5.028239999999999820e-06
4.480619999999999632e-06
3.851050000000000169e-06
3.086419999999999919e-06
2.386989999999999909e-06
1.601879999999999942e-06
8.028039999999999669e-07
4.563499999999999802e-07
1.192099999999999987e-06
1.906419999999999994e-06
2.674769999999999803e-06
3.327630000000000105e-06
4.032660000000000113e-06
4.563510000000000290e-06
5.103680000000000236e-06
5.503209999999999950e-06
6.066659999999999612e-06
6.375859999999999972e-06
6.771680000000000190e-06
7.024059999999999966e-06
7.292279999999999916e-06
7.484140000000000311e-06
7.778460000000000739e-06
7.955419999999999804e-06
8.041099999999999973e-06
8.257160000000000069e-06
8.280449999999999638e-06
8.359609999999999402e-06
8.498380000000000108e-06
8.619449999999999272e-06
8.661360000000000367e-06
8.744250000000000178e-06
8.884880000000000558e-06
8.824340000000000626e-06
8.966830000000000679e-06
9.048789999999999807e-06
9.051580000000000164e-06
9.102809999999999333e-06
