1.496339999999999861e+02
1.489439999999999884e+02
1.465320000000000107e+02
1.448400000000000034e+02
1.430039999999999907e+02
1.410060000000000002e+02
1.378199999999999932e+02
1.354199999999999875e+02
1.325039999999999907e+02
1.292040000000000077e+02
1.257480000000000047e+02
1.208880000000000052e+02
1.179060000000000059e+02
1.137180000000000035e+02
1.085999999999999943e+02
1.048020000000000067e+02
1.011299999999999955e+02
1.021680000000000064e+02
-9.243000000000000682e+01
-1.048379999999999939e+02
-1.018979999999999961e+02
-1.056119999999999948e+02
-1.090019999999999953e+02
-1.134419999999999931e+02
-1.180199999999999960e+02
-1.197780000000000058e+02
-1.232519999999999953e+02
-1.259339999999999975e+02
-1.301399999999999864e+02
-1.318619999999999948e+02
-1.333259999999999934e+02
-1.365600000000000023e+02
-1.382040000000000077e+02
-1.402199999999999989e+02
-1.420740000000000123e+02
-1.437539999999999907e+02
-1.448160000000000025e+02
-1.463040000000000020e+02
-1.474679999999999893e+02
-1.483199999999999932e+02
-1.497659999999999911e+02
-1.507139999999999986e+02
-1.518420000000000130e+02
-1.525620000000000118e+02
-1.529459999999999980e+02
-1.537079999999999984e+02
-1.546320000000000050e+02
-1.555560000000000116e+02
-1.561860000000000070e+02
