1.747560000000000002e+02
1.734600000000000080e+02
1.728899999999999864e+02
1.735740000000000123e+02
1.708919999999999959e+02
1.694879999999999995e+02
1.679219999999999970e+02
1.654739999999999895e+02
1.618379999999999939e+02
1.574219999999999970e+02
1.495320000000000107e+02
1.376339999999999861e+02
1.160040000000000049e+02
-1.009320000000000022e+02
-1.272840000000000060e+02
-1.442580000000000098e+02
-1.534919999999999902e+02
-1.592760000000000105e+02
-1.633619999999999948e+02
-1.656179999999999950e+02
-1.675860000000000127e+02
-1.689420000000000073e+02
-1.701299999999999955e+02
-1.708439999999999941e+02
-1.721160000000000139e+02
-1.726860000000000070e+02
-1.734420000000000073e+02
-1.739579999999999984e+02
-1.749000000000000057e+02
-1.751279999999999859e+02
-1.753199999999999932e+02
-1.757220000000000084e+02
-1.761479999999999961e+02
-1.761059999999999945e+02
-1.765500000000000114e+02
-1.766160000000000139e+02
-1.765860000000000127e+02
-1.768799999999999955e+02
-1.774979999999999905e+02
-1.771860000000000070e+02
-1.773360000000000127e+02
-1.774139999999999873e+02
-1.780440000000000111e+02
-1.778760000000000048e+02
-1.786380000000000052e+02
-1.783259999999999934e+02
-1.784339999999999975e+02
-1.786440000000000055e+02
-1.787820000000000107e+02
-1.786860000000000070e+02
-1.791599999999999966e+02
-1.786680000000000064e+02
-1.788899999999999864e+02
-1.791719999999999970e+02
-1.786800000000000068e+02
-1.788720000000000141e+02
-1.793400000000000034e+02
-1.789919999999999902e+02
-1.789619999999999891e+02
-1.793460000000000036e+02
-1.791539999999999964e+02
-1.790579999999999927e+02
-1.789079999999999870e+02
-1.788600000000000136e+02
-1.791179999999999950e+02
-1.791959999999999980e+02
-1.786860000000000070e+02
-1.784939999999999998e+02
-1.785360000000000014e+02
-1.785420000000000016e+02
-1.787400000000000091e+02
-1.785060000000000002e+02
-1.785420000000000016e+02
-1.787760000000000105e+02
-1.786020000000000039e+02
-1.782779999999999916e+02
-1.784519999999999982e+02
-1.781819999999999879e+02
-1.780800000000000125e+02
-1.781699999999999875e+02
-1.775399999999999920e+02
-1.775699999999999932e+02
-1.774319999999999879e+02
-1.770300000000000011e+02
-1.771680000000000064e+02
-1.771020000000000039e+02
-1.768439999999999941e+02
-1.766879999999999882e+02
-1.768859999999999957e+02
-1.766579999999999870e+02
-1.761659999999999968e+02
-1.758899999999999864e+02
-1.754819999999999993e+02
-1.754399999999999977e+02
-1.752539999999999907e+02
-1.747920000000000016e+02
-1.744799999999999898e+02
-1.740360000000000014e+02
-1.736160000000000139e+02
-1.731779999999999973e+02
