4.913833999999999954e-06
9.870586799999999541e-06
1.479749600000000094e-05
1.980797200000000084e-05
2.471216000000000092e-05
2.971061600000000360e-05
3.468414000000000501e-05
3.968021200000000626e-05
4.463098800000000061e-05
4.954600399999999381e-05
5.454088399999999434e-05
5.949761999999999228e-05
6.446051600000000101e-05
6.941367600000001713e-05
7.436922000000000758e-05
7.931991999999998713e-05
8.427782400000002070e-05
8.926197600000000123e-05
9.418771999999999409e-05
9.913611199999998024e-05
1.041272799999999935e-04
1.090853999999999771e-04
1.140887200000000057e-04
1.190189999999999933e-04
1.239442000000000050e-04
1.289543199999999942e-04
1.338682000000000001e-04
1.388571999999999756e-04
1.437789999999999934e-04
1.487516199999999614e-04
1.537545999999999661e-04
1.587051999999999929e-04
1.636633600000000335e-04
1.686318199999999815e-04
1.735591400000000061e-04
1.785132400000000066e-04
1.834675999999999712e-04
1.884637999999999624e-04
1.934336000000000313e-04
1.983593000000000509e-04
2.033337000000000349e-04
2.083321999999999973e-04
2.132176200000000181e-04
2.182352399999999627e-04
2.231621799999999065e-04
2.281091999999999809e-04
2.331089600000000586e-04
2.380248400000000689e-04
2.429982000000000344e-04
2.479633199999999927e-04
2.529375999999999955e-04
2.578814999999999602e-04
2.629540000000000306e-04
2.678616200000000051e-04
2.727954800000000264e-04
2.777694399999999526e-04
2.827306000000000133e-04
2.877287200000000033e-04
2.926441600000000099e-04
2.975887999999999992e-04
3.026134799999999499e-04
3.075188000000000075e-04
3.124696600000000254e-04
3.174431400000000264e-04
3.223793999999999445e-04
3.273363799999999568e-04
3.323074400000000867e-04
3.372413999999999794e-04
3.422553600000001017e-04
3.472265999999999461e-04
3.522200799999999909e-04
3.571349999999999612e-04
3.621048000000000300e-04
3.671009999999998857e-04
3.720132000000000451e-04
3.769655799999998983e-04
3.819828799999999561e-04
3.868444000000000938e-04
3.918783599999999890e-04
3.968698800000000594e-04
4.017525999999999996e-04
4.067776000000000269e-04
4.116662199999999191e-04
4.165477000000000979e-04
4.215703999999999372e-04
4.265719399999999767e-04
4.314474999999999582e-04
4.364569999999999583e-04
4.413848400000001276e-04
4.463725999999999892e-04
4.513235000000000098e-04
4.563265999999999416e-04
4.611870000000001094e-04
4.661615399999999407e-04
4.711361199999999916e-04
4.760271799999998919e-04
4.809779599999999583e-04
4.859301999999999914e-04
