4.928138000000000080e-06
9.892044999999999240e-06
1.482848799999999923e-05
1.980320399999999797e-05
2.474434400000000332e-05
2.972372799999999793e-05
3.469010000000000859e-05
3.961584400000000146e-05
4.462979599999999990e-05
4.957222799999998924e-05
5.450869999999998855e-05
5.949642799999999834e-05
6.448674000000000322e-05
6.941129200000000215e-05
7.435372400000000504e-05
7.933780200000001021e-05
8.431596800000001652e-05
8.928104799999999914e-05
9.421632799999999773e-05
9.920048000000000537e-05
1.041476800000000111e-04
1.091285999999999770e-04
1.140778599999999913e-04
1.190658000000000010e-04
1.239966999999999914e-04
1.290149999999999565e-04
1.339137800000000174e-04
1.389095000000000022e-04
1.438629799999999865e-04
1.487907999999999917e-04
1.537629999999999845e-04
1.587519999999999871e-04
1.636881999999999823e-04
1.686699999999999961e-04
1.736472600000000448e-04
1.785832399999999433e-04
1.835843799999999819e-04
1.885264999999999847e-04
1.934647999999999912e-04
1.984733800000000625e-04
2.034091999999999769e-04
2.083669999999999923e-04
2.133427999999999659e-04
2.182671199999999703e-04
2.232980000000000023e-04
2.282222800000000039e-04
2.332075999999999659e-04
2.380785200000000565e-04
2.430486000000000365e-04
2.480784000000000201e-04
2.530794599999999176e-04
2.579587799999999995e-04
2.629909799999999884e-04
2.678879000000000004e-04
2.728624000000000457e-04
2.778085000000000016e-04
2.827553800000000392e-04
2.877358000000000107e-04
2.926751600000000102e-04
2.976292399999999551e-04
3.025789999999999773e-04
3.075463200000000353e-04
3.125713399999999827e-04
3.175358600000000617e-04
3.224725999999999049e-04
3.273042000000000095e-04
3.323522799999999167e-04
3.373356599999999868e-04
3.423230000000000630e-04
3.473455999999999224e-04
3.522640800000000874e-04
3.571873599999999377e-04
3.621491599999999891e-04
3.671400399999999605e-04
3.720887000000000413e-04
3.770394400000000507e-04
3.819291800000000755e-04
3.869493400000000895e-04
3.918964200000000326e-04
3.969161999999999929e-04
4.018194199999999849e-04
4.068014400000000141e-04
4.117545399999999176e-04
4.167424000000000302e-04
4.217559200000000675e-04
4.266829799999999383e-04
4.315990000000000668e-04
4.365605199999999901e-04
4.415266000000000156e-04
4.464631999999999845e-04
4.514305400000000169e-04
4.564220799999999531e-04
4.614202000000000516e-04
4.663394000000001044e-04
4.713622800000000375e-04
4.763146799999999734e-04
4.812199999999999226e-04
4.861862400000000134e-04
