3.278275000000000283e-07
5.257164000000000951e-07
7.534062000000000009e-07
9.584504400000000174e-07
1.126538200000000010e-06
1.311309999999999690e-06
1.531846399999999642e-06
1.745230800000000379e-06
1.920474200000000086e-06
2.137436000000000638e-06
2.340096000000000151e-06
2.563010000000000555e-06
2.677452999999999961e-06
2.917066399999999654e-06
3.098267600000000256e-06
3.330721199999999545e-06
3.517881599999999133e-06
3.715768199999999485e-06
3.914864599999999055e-06
4.081752399999999738e-06
4.351169800000001357e-06
4.515676199999999874e-06
4.696877199999999327e-06
4.943634199999999953e-06
5.115300199999998997e-06
5.311996199999999053e-06
5.517035999999999163e-06
5.716118200000000162e-06
5.928304600000000229e-06
6.130962000000001322e-06
6.327657799999999805e-06
6.543428000000000669e-06
6.669788999999999983e-06
6.897479200000001234e-06
7.088211999999999653e-06
7.330207999999999936e-06
7.510210600000000021e-06
7.691443999999999267e-06
7.938207600000000118e-06
8.097946000000000004e-06
8.299406400000000031e-06
8.471070600000001863e-06
8.654652200000000580e-06
8.881150000000002204e-06
9.102879199999997940e-06
9.291228199999998193e-06
9.459317199999999084e-06
9.658395199999998400e-06
9.899196200000000636e-06
1.003624800000000190e-05
1.028309200000000133e-05
1.048334799999999970e-05
1.065022800000000004e-05
1.084214000000000018e-05
1.108530799999999724e-05
1.128794800000000043e-05
1.144539199999999526e-05
1.164684000000000113e-05
1.184471199999999977e-05
1.205569600000000120e-05
1.225714399999999860e-05
1.246097600000000421e-05
1.267076799999999984e-05
1.282702000000000073e-05
1.303681199999999975e-05
1.325375600000000138e-05
1.343017200000000237e-05
1.360539600000000264e-05
1.384737200000000068e-05
1.405722800000000147e-05
1.422414399999999857e-05
1.445062400000000085e-05
1.464372800000000001e-05
1.486544000000000281e-05
1.502159200000000009e-05
1.524695200000000533e-05
1.547346000000000076e-05
1.561292400000000326e-05
1.577623199999999732e-05
1.606002400000000106e-05
1.619710400000000551e-05
1.646053600000000120e-05
1.662622400000000590e-05
1.680502400000000155e-05
1.701362399999999816e-05
1.720324800000000290e-05
1.742615600000000230e-05
1.762045200000000048e-05
1.781832399999999742e-05
1.801023599999999756e-05
1.818069199999999835e-05
1.841202999999999793e-05
1.860752800000000092e-05
1.879943999999999767e-05
1.899492800000000334e-05
1.921187199999999819e-05
1.937994400000000433e-05
1.964815999999999994e-05
