2.958466197204190212e-08
3.769865045011530653e-08
2.614260094175798785e-08
3.851469870062653242e-08
4.460055605034581948e-08
2.970448693379431225e-08
1.788000000000058098e-08
2.676033363020809983e-08
2.468907969123271353e-08
3.487491339057458973e-08
4.291200000000139699e-08
2.384000000000077133e-08
3.617479431869556921e-08
2.958466197204652441e-08
4.499701323421421517e-08
4.854379466007850359e-08
1.415421576775126849e-08
4.485469232979070445e-08
2.919791773397311148e-08
2.468907969122990773e-08
4.901552407146258896e-08
2.081922188747559112e-08
1.600629876017396052e-08
4.800000000000279224e-08
2.961351043020540247e-08
2.947639055244413338e-08
1.627759195950692247e-08
2.912318663882591115e-08
2.399999999999841827e-08
3.324388063990425957e-08
2.978321675037609075e-08
3.773804446444159604e-08
4.115422700039646636e-08
4.513743014395117866e-08
3.090178635612739160e-08
5.745173974737714210e-08
2.520000000000561556e-08
1.949769217112501884e-08
2.892472990366356724e-08
5.343379080693821236e-08
3.915622555865133475e-08
2.485477821264793434e-08
2.266705980050471545e-08
2.832000000000354842e-08
8.260000000001034817e-09
8.399999999999444906e-09
2.463246638077435214e-08
3.360914161356390803e-08
2.305124725475673121e-08
5.354267083365807775e-08
3.210981158463555075e-08
2.950000000000369530e-08
2.939387691338291592e-08
3.647458841441052044e-08
2.649093429836282363e-08
2.162975728019427810e-08
2.890397896484512691e-08
3.922501242830793325e-08
3.174357257775479951e-08
2.798856909524295045e-08
5.395933283502144460e-08
2.693993318475842652e-08
5.274679516329790027e-08
4.160529293249769955e-08
2.890397896484512691e-08
4.849820202851876564e-08
2.162975728017439930e-08
2.215942237514559073e-08
3.836861217192366008e-08
2.990384590648958575e-08
3.469399948117605364e-08
2.749545416972080046e-08
1.627759195949221520e-08
1.799999999999067838e-08
2.798856909526823901e-08
3.127304909982871301e-08
4.797776151509460651e-08
2.081922188748499781e-08
5.324575476036012239e-08
4.541922060096101060e-08
2.631805463936372410e-08
3.427885645699385526e-08
2.911995192304088592e-08
4.000512467170960077e-08
2.631805463936372079e-08
2.794881750629525215e-08
3.994809131859795742e-08
3.000000000001157123e-08
2.852603021801963317e-08
2.402998127339158801e-08
5.169961315135241184e-08
2.081922188746618773e-08
2.939387691340947173e-08
5.313349602653008041e-08
4.038942435835475315e-08
5.030176537656618240e-08
2.928682980454209322e-08
2.997599039232386993e-08
