2.980250000000001160e-08
3.710820542467663049e-08
2.861040000000002768e-08
4.102170623080420334e-08
2.980324007150897250e-08
2.117582368135750848e-22
3.424198018573103531e-08
2.676482361907129932e-08
2.469322215426739368e-08
2.068042707489387004e-08
2.614260094175779925e-08
4.235164736271501695e-22
3.117691006177497273e-08
4.365411649592735384e-08
1.455182003187226897e-08
5.146763770137499257e-08
1.881073559008259804e-08
3.695647102687161545e-08
3.025412416250061133e-08
5.091262682517962353e-08
1.192100004026502770e-08
3.685808724771279639e-08
3.371881119138106761e-08
1.850549908432611643e-08
2.290141414760236395e-08
5.006840004993182183e-08
2.958466197204190212e-08
2.980324007150907838e-08
4.332672386460821503e-08
4.769919638736042769e-08
2.489331133377001406e-08
2.468907969123201208e-08
1.788300000000003182e-08
2.676482361907140189e-08
1.616907467977070558e-08
8.343999999999915765e-09
2.064777774095789860e-08
1.167916709359023886e-08
2.843462470721234392e-08
5.197174678611468399e-08
2.545842538414385955e-08
3.701215764637376819e-08
2.665786580279862642e-08
1.694065894508600678e-21
2.676482361907101808e-08
2.274249763680280655e-08
2.980432002512356251e-08
2.654968687122314150e-08
3.924854539419249754e-08
2.892903206123576793e-08
2.977615045636368299e-08
1.936770755665221001e-08
4.031709830828619199e-08
1.788000000000007474e-08
2.792945284104231002e-08
3.128858092020166651e-08
8.344000000000034879e-09
2.919791773397559964e-08
2.676033363020733551e-08
2.614260094175798785e-08
2.860800000000011628e-08
1.415421576774925348e-08
3.390396696553383543e-08
2.665393029179759856e-08
2.676033363020733551e-08
4.421661298652369642e-08
6.467629871908220027e-08
2.614260094175798454e-08
2.780197863462250434e-08
4.361056312408753641e-08
2.860800000000011628e-08
2.958466197204232233e-08
4.529599999999973936e-08
4.460055605034556140e-08
2.525802715969695045e-08
6.311477874475973586e-08
3.153735562789073755e-08
1.415421576774884981e-08
4.032490763783634213e-08
3.982065072296088194e-08
3.110640422806921658e-08
2.184972091355015395e-08
3.017902954039470637e-08
1.415421576774965548e-08
2.958466197204316275e-08
3.349379787363696850e-08
4.732104884721000967e-08
2.892903206123658519e-08
1.415421576774885147e-08
4.356918984787334483e-08
8.343999999999796651e-09
1.790999999999963230e-08
2.289757227305930841e-08
3.371485132697414311e-08
2.780197863462329843e-08
2.780197863462171356e-08
4.130929270757402487e-08
5.025982093083921780e-08
