2.780197863462211060e-08
2.372291265844042807e-08
2.468907969123201208e-08
4.850722403931225239e-08
5.332118588328674576e-08
2.780197863462172017e-08
6.776263578034402713e-21
3.527997823128694722e-08
2.545415455284347599e-08
3.024956885643264143e-08
2.980000000000097160e-08
2.289757227306060873e-08
1.787999999999855273e-08
2.977615045636791154e-08
2.958466197203980109e-08
4.030038456392123088e-08
2.941608702733691777e-08
1.936770755665496287e-08
2.780197863462013199e-08
2.731215114193458969e-08
2.955228586759716721e-08
2.081922188747559112e-08
3.624417746341865755e-08
4.504397850989789528e-08
2.703719660024284597e-08
4.199999999999722618e-08
3.040084867236157810e-08
2.950000000000369861e-08
3.169636572228169849e-08
2.693993318477059931e-08
2.749545416973322471e-08
4.156921938166251787e-08
2.485477821264793434e-08
2.939387691339619382e-08
5.086877627779432016e-08
2.574533744195193874e-08
3.666981865239421082e-08
2.190547876673920029e-08
2.485477821264793434e-08
2.266705980050470884e-08
2.912318663882591115e-08
2.399999999999841827e-08
3.402587250902020322e-08
2.133414165135508461e-08
2.749545416974564566e-08
1.600629876017763982e-08
2.978321675037609075e-08
2.649093429835065746e-08
2.842252627758295080e-08
1.175755076535316703e-08
1.401172366269362624e-08
4.613557846175943032e-08
2.444053190910848107e-08
5.436809726301298330e-08
2.199636333579651454e-08
3.696011363618474250e-08
2.266705980051512469e-08
2.912318663883906994e-08
2.519790467479705688e-08
2.832000000000354842e-08
3.394112549696200843e-08
3.921042718460398727e-08
1.659471000048232330e-08
5.520724952395717986e-08
3.026284851100857363e-08
2.485477821263670784e-08
1.600629876016293255e-08
3.180730104866041645e-08
2.400000000000925765e-08
2.990384590651660478e-08
4.370164298972035375e-08
4.296778328004405275e-08
2.852603021801963317e-08
2.928682980454209653e-08
3.974933961714336767e-08
3.331075501995033670e-08
3.441783839813203989e-08
4.489436935740705428e-08
5.082207787958918612e-08
1.949769217113382335e-08
2.863780019485096008e-08
3.760859476236166682e-08
1.401172366269362459e-08
2.631805463933994100e-08
4.119021242966353896e-08
4.943338547984488292e-08
5.421010862427522170e-20
3.876712008905373289e-08
2.978321675038954402e-08
4.886471119326464719e-08
3.359476744971493723e-08
3.595543908785549905e-08
2.798856909524295045e-08
2.199636333579651454e-08
3.074868452469833586e-08
6.308642960256556142e-08
3.000000000001157123e-08
5.179442441035464366e-08
