2.068181502301961267e-08
2.893145899345552916e-08
1.668940000000000980e-08
2.978064685492238759e-08
4.246562859019042073e-08
3.799651496861261209e-08
4.313112968796431120e-08
4.500051006644255783e-08
5.509896815875953649e-08
2.676033363020733551e-08
2.941608702733922064e-08
3.156159662881468653e-08
2.068389694520839867e-08
2.970947090811283303e-08
2.977615045636368299e-08
4.616983453511607126e-08
3.128910668523481521e-08
2.861280000000004827e-08
3.593992742396691262e-08
1.415421576774925678e-08
2.978114645476233189e-08
2.970947090811283634e-08
4.213030829272448799e-08
2.545415455284238742e-08
3.218804450351099729e-08
5.201684620351387230e-08
2.780197863462211060e-08
1.850723830721378893e-08
3.053106468893619759e-08
3.025398229985568025e-08
2.274249763680330286e-08
2.184972091354953522e-08
2.372206842667801163e-08
2.384400000000003802e-08
1.881073559008265098e-08
1.787999999999981666e-08
2.780197863462250765e-08
2.970448693379515597e-08
1.850723830721399407e-08
1.936770755665221001e-08
4.213030829272479901e-08
3.924922574573904172e-08
5.174307200814398882e-08
2.614260094175798785e-08
3.749099197460608337e-08
1.415421576774885147e-08
1.415421576774925513e-08
5.006800004993183990e-08
3.656883299696595888e-08
1.455021429395463163e-08
2.468907969123201208e-08
2.810694547616240736e-08
4.297817120353092740e-08
1.415421576774925513e-08
4.529600000000018273e-08
3.209558225052168463e-08
2.384000000000009635e-08
2.941608702733942909e-08
5.229878774885654688e-08
2.860800000000011628e-08
1.936770755665221001e-08
2.919791773397559964e-08
4.232858967648242597e-08
2.468907969123201208e-08
1.167916709359024052e-08
2.780197863462250765e-08
4.369944182709907045e-08
1.936770755665221001e-08
2.468907969123201208e-08
2.828041364619712593e-08
3.625326468057753827e-08
2.958466197204232233e-08
3.064622495512297438e-08
2.780197863462250103e-08
2.941608702733942909e-08
1.417796445192338423e-08
3.128858092020235472e-08
2.892903206123658519e-08
3.373182853033537376e-08
3.646818756121547932e-08
2.525802715969734088e-08
2.970448693379431225e-08
3.487491339057318683e-08
2.335833418718076889e-08
4.701982968918565952e-08
3.816250515886044034e-08
2.780197863462329843e-08
2.614260094175872569e-08
1.787999999999956189e-08
6.918736023292087029e-08
2.383999999999942137e-08
3.214386560449705344e-08
2.823304276906690850e-08
2.989520791029854003e-08
3.421683702506781990e-08
1.936770755665165746e-08
3.363045857552368728e-08
2.892903206123658519e-08
