-5.728488000000001534e+01
1.703090361469572827e+02
-1.508140799999999899e+02
9.755191551329784261e+01
-1.796218800000000329e+02
1.012026956162653535e-01
-1.796870399999999677e+02
6.312684373544084904e-02
-1.796966399999999737e+02
5.115379164831559272e-02
-1.797048000000000059e+02
4.667676081306158103e-02
-1.796656799999999805e+02
4.561641809698652184e-02
-1.796649599999999793e+02
1.793428002457465170e-02
-1.796285999999999774e+02
2.689312179720690713e-02
-1.796555999999999642e+02
2.537084941423214599e-02
-1.796268000000000029e+02
2.189794510906199407e-02
-1.796606399999999724e+02
2.170507774692096228e-02
-1.796579999999999586e+02
1.989974874212715669e-02
-1.796362799999999709e+02
2.179544906625157513e-02
-1.796542799999999716e+02
1.679528505265493951e-02
-1.796236800000000358e+02
1.759709066861983237e-02
-1.796481599999999901e+02
2.063720911362847132e-02
-1.796462400000000059e+02
2.390862605838527805e-02
-1.796375999999999920e+02
1.281249390243230889e-02
-1.796443199999999933e+02
1.435191973221531386e-02
-1.796444400000000314e+02
2.390410843348314898e-02
-1.796213999999999942e+02
1.735857136977601162e-02
-1.796401199999999960e+02
1.594194467433742574e-02
-1.796271600000000035e+02
1.419909856292466722e-02
-1.796493600000000015e+02
1.637285558477758265e-02
-1.796437200000000303e+02
8.040000000000305583e-03
-1.796361599999999896e+02
1.366946963125385307e-02
-1.796432399999999916e+02
1.195250601338526154e-02
-1.796260799999999733e+02
5.556401713329207209e-03
-1.796292000000000257e+02
8.049844718991158721e-03
-1.796301600000000462e+02
1.239896769895664289e-02
-1.796337600000000521e+02
2.025690993216062649e-02
-1.796431200000000104e+02
1.068202228044754822e-02
-1.796511600000000044e+02
6.573766043905370643e-03
-1.796398799999999767e+02
5.431905742923218497e-03
-1.796348399999999685e+02
1.187999999999233593e-02
-1.796420399999999802e+02
9.028754066869147318e-03
-1.796392799999999568e+02
6.960000000000264586e-03
-1.796485199999999907e+02
9.829018262268481368e-03
-1.796373600000000010e+02
5.387986636954679963e-03
-1.796366399999999999e+02
6.805174501800344972e-03
-1.796407199999999875e+02
6.421962316923220115e-03
-1.796370000000000573e+02
1.164989270335743676e-02
-1.796269199999999557e+02
8.199609746797991566e-03
-1.796296800000000076e+02
6.792466415067515556e-03
-1.796299199999999701e+02
6.052569702187715790e-03
-1.796256000000000199e+02
6.572670690049373619e-03
-1.796379599999999357e+02
3.521136180269224258e-03
-1.796438399999999831e+02
9.040707936882276877e-03
-1.796347200000000157e+02
7.835917304306647124e-03
-1.796441999999999837e+02
3.231098884280824736e-03
-1.796427599999999813e+02
8.157352511691830926e-03
-1.796330399999999656e+02
7.810147245724094640e-03
-1.796336400000000140e+02
9.852431172047230665e-03
-1.796257200000000012e+02
8.129058986119685679e-03
-1.796416799999999512e+02
1.046411009116438376e-02
-1.796354399999999885e+02
9.491385567977251789e-03
-1.796378399999999829e+02
4.451336877838106207e-03
-1.796446799999999939e+02
4.206851554310104928e-03
-1.796465999999999497e+02
4.368065933568476833e-03
-1.796425199999999904e+02
6.129404538778857221e-03
-1.796462399999999491e+02
6.677005316757159310e-03
-1.796425199999999904e+02
6.797764338369159491e-03
-1.796349599999999782e+02
4.044551891124805419e-03
-1.796417999999999608e+02
4.368065933568476833e-03
-1.796432399999999916e+02
3.438371707654786728e-03
-1.796475599999999986e+02
6.660810761461652928e-03
-1.796474400000000173e+02
4.252810835200805314e-03
-1.796414399999999603e+02
4.418868633485439727e-03
-1.796416800000000080e+02
4.805996254680370422e-03
-1.796443199999999649e+02
3.607991130809634021e-03
-1.796355599999999981e+02
2.631805463935456540e-03
-1.796390399999999943e+02
3.026284851100552627e-03
-1.796359199999999987e+02
3.486201371120280310e-03
-1.796378399999999829e+02
3.120000000000118338e-03
-1.796377199999999732e+02
9.960000000000376538e-03
-1.796348399999999685e+02
6.120000000000232025e-03
-1.796373599999999726e+02
5.252656470777628331e-03
-1.796437200000000303e+02
8.129058986131481798e-03
-1.796428799999999910e+02
6.028731209798854351e-03
-1.796396399999999858e+02
3.871743793176549153e-03
-1.796317199999999730e+02
2.912318663882893649e-03
-1.796428799999999910e+02
3.444648022657887960e-03
-1.796389199999999846e+02
8.111325415736106090e-03
-1.796348400000000538e+02
4.801499765698396052e-03
-1.796306400000000281e+02
5.898338749166093242e-03
-1.796407199999999875e+02
1.949769217112704402e-03
-1.796425199999999904e+02
2.961351043020848256e-03
-1.796336399999999855e+02
3.038157336281434220e-03
-1.796349599999999782e+02
2.199636333578886341e-03
-1.796345999999999776e+02
1.800000000000068255e-03
-1.796378399999999544e+02
5.334266585014491545e-03
-1.796442000000000121e+02
4.024922359499773922e-03
-1.796414399999999887e+02
4.080000000000154683e-03
-1.796371199999999817e+02
4.684613111026529782e-03
-1.796338799999999765e+02
2.241785003072413462e-03
-1.796403599999999585e+02
3.871743793176549153e-03
-1.796409599999999784e+02
3.469639750752361810e-03
