1.302928799999999967e+02
1.231980689050993050e+02
8.703443999999998937e+01
1.559126563197689563e+02
-1.561265999999999678e+02
8.492091288369429947e+01
-8.427851999999998611e+01
1.562937573329452903e+02
1.151363999999999947e+02
1.374997210702625239e+02
-1.781392799999999852e+02
6.717392065377741917e-01
-1.779214800000000025e+02
5.742649994558348681e-01
-1.067070000000000078e+02
1.433543067230280315e+02
-1.706193600000000572e+02
5.009117113334843907e+01
-1.784833199999999920e+02
5.005975005930403121e-01
-1.777537199999999871e+02
6.437604535850287579e-01
-1.780640399999999772e+02
4.906321620114195703e-01
-1.776915600000000381e+02
3.191431753931134874e-01
-1.712377199999999675e+02
5.018241417709594998e+01
-1.776415200000000141e+02
5.913380840094744073e-01
-1.782447600000000136e+02
4.237770904614845957e-01
-1.787933999999999912e+02
5.269725230028627916e-01
-1.786000799999999913e+02
4.592433707741429005e-01
-1.784251199999999926e+02
3.986642015531320915e-01
-1.786920000000000073e+02
2.848957704143738612e-01
-1.782753600000000063e+02
3.012625273743835819e-01
-1.787463599999999815e+02
1.808595875257933694e-01
-1.781866799999999671e+02
2.774318251390761048e-01
-1.781506799999999942e+02
3.915298425407724991e-01
-1.782079200000000014e+02
2.663957837504191128e-01
-1.780762799999999686e+02
2.641414802714620036e-01
-1.782403200000000254e+02
2.336675792659285433e-01
-1.786377600000000143e+02
3.514442521937107822e-01
-1.784218799999999874e+02
2.637994420009250329e-01
-1.782208799999999940e+02
2.500618035606393397e-01
-1.782061199999999701e+02
2.579315909306176824e-01
-1.784583599999999990e+02
1.891072457628281966e-01
-1.781127600000000086e+02
2.326119137103657697e-01
-1.784188800000000015e+02
2.127158329791156710e-01
-1.785617999999999768e+02
2.471249886191167477e-01
-1.783549199999999928e+02
2.547385200553727302e-01
-1.782137999999999636e+02
1.297623982515700436e-01
-1.783634400000000539e+02
1.912054559891009642e-01
-1.783636799999999880e+02
1.115292679075780835e-01
-1.781554799999999545e+02
1.587318795957465001e-01
-1.782643199999999979e+02
1.306900822556986974e-01
-1.782182400000000086e+02
1.052035284579361935e-01
-1.782596399999999903e+02
3.274492180476241132e-01
-1.782317999999999927e+02
1.726342955498642584e-01
-1.782750000000000341e+02
2.205528508090486006e-01
-1.783384799999999757e+02
1.605259156647360630e-01
-1.782437999999999647e+02
8.915806189010952454e-02
-1.782819600000000264e+02
2.340541783433904011e-01
-1.783037999999999670e+02
1.117692265339599450e-01
-1.783482000000000198e+02
2.404892513190540204e-01
-1.783798800000000426e+02
1.212088511619556358e-01
-1.782130799999999624e+02
1.591287327920348493e-01
-1.782999599999999987e+02
1.355182585484339675e-01
-1.782576000000000249e+02
8.611620056644216092e-02
-1.783831199999999910e+02
2.247470257867698884e-01
-1.784091600000000426e+02
8.370815014083474170e-02
-1.783647599999999613e+02
1.072655694992613734e-01
-1.782476400000000183e+02
1.073004678461361022e-01
-1.782099599999999953e+02
1.120803211986765441e-01
-1.783666800000000023e+02
1.235317675741726129e-01
-1.782909600000000410e+02
1.211664904171162044e-01
-1.784243999999999915e+02
7.707139547199369500e-02
-1.782240000000000180e+02
1.039369039369519437e-01
-1.784319600000000037e+02
1.101166581403600353e-01
-1.782021600000000490e+02
9.513177387181606659e-02
-1.782747600000000148e+02
1.056423324240848421e-01
-1.783150799999999663e+02
1.139538222263781070e-01
-1.783574399999999969e+02
7.666450547678792249e-02
-1.783383600000000229e+02
1.396771649196828502e-01
-1.783534799999999905e+02
1.358073989147918215e-01
-1.782534000000000276e+02
1.460121912718219672e-01
-1.782628799999999956e+02
8.525271608576791282e-02
-1.782335999999999956e+02
9.288186044647896156e-02
-1.782578399999999590e+02
1.103592968444431222e-01
-1.783201199999999460e+02
1.220671356262604673e-01
-1.782759600000000262e+02
8.197510841712511709e-02
-1.782855600000000038e+02
3.329454009293541378e-02
-1.783753199999999595e+02
5.460052746998170226e-02
-1.783749599999999873e+02
1.111498016192603716e-01
-1.783972799999999665e+02
7.697455163884001084e-02
-1.783340400000000159e+02
1.253388942028798581e-01
-1.782596399999999619e+02
3.178097544129312307e-02
-1.783381199999999751e+02
7.847385297027581474e-02
-1.783093200000000138e+02
9.005830111655790948e-02
-1.783099199999999485e+02
5.864600242130968422e-02
-1.783610399999999458e+02
4.288820816961393806e-02
-1.783064400000000091e+02
5.899327419291340580e-02
-1.782999600000000555e+02
5.468380381795168166e-02
-1.782677999999999940e+02
6.048107141908348749e-02
-1.783279200000000060e+02
5.195376405998130415e-02
-1.782943199999999706e+02
9.187675222819005616e-02
-1.783232399999999700e+02
6.461317512706146737e-02
-1.782624000000000137e+02
9.415986406107407225e-02
-1.783934399999999982e+02
1.263854675190198007e-01
-1.782482400000000098e+02
7.364090167834758116e-02
-1.783704000000000178e+02
7.727664588994823114e-02
-1.782122399999999800e+02
7.856985681544580158e-02
-1.783600799999999538e+02
6.859383062637890160e-02
