9.972660000000000839e-06
9.927959999999999387e-06
9.940060000000000508e-06
9.666259999999999843e-06
9.870209999999999813e-06
9.965209999999999750e-06
1.000060000000000044e-05
9.959620000000000029e-06
9.963350000000000076e-06
1.000150000000000072e-05
1.000900000000000022e-05
1.002300000000000043e-05
9.900019999999999786e-06
9.992220000000000361e-06
1.000060000000000044e-05
9.945650000000000229e-06
9.971730000000000155e-06
9.955900000000000681e-06
9.968939999999999797e-06
9.956829999999999671e-06
9.914920000000000271e-06
9.991289999999999677e-06
9.966140000000000434e-06
9.885119999999999302e-06
9.958689999999999345e-06
9.966140000000000434e-06
9.956829999999999671e-06
9.986630000000000639e-06
9.901879999999999460e-06
9.927959999999999387e-06
9.930749999999999745e-06
9.956829999999999671e-06
9.959620000000000029e-06
9.931680000000000429e-06
9.918639999999999618e-06
9.989419999999999303e-06
9.898149999999999413e-06
9.884179999999999613e-06
9.948449999999999592e-06
9.943790000000000555e-06
9.910259999999999539e-06
9.919570000000000302e-06
9.915849999999999260e-06
9.928890000000000071e-06
9.915849999999999260e-06
9.995010000000000718e-06
9.913989999999999587e-06
9.926090000000000707e-06
9.936339999999999466e-06
9.935410000000000476e-06
9.859970000000000060e-06
9.926090000000000707e-06
9.910259999999999539e-06
9.865559999999999781e-06
9.886980000000000670e-06
9.858110000000000386e-06
9.860900000000000744e-06
9.862760000000000418e-06
9.829240000000000102e-06
9.847859999999999933e-06
9.798499999999999444e-06
9.764039999999999438e-06
9.776149999999999565e-06
9.822719999999999696e-06
9.801300000000000501e-06
9.770559999999999843e-06
9.797570000000000454e-06
9.759389999999999407e-06
9.805950000000000533e-06
9.779879999999999612e-06
9.757520000000000727e-06
9.745419999999999606e-06
9.759389999999999407e-06
9.781739999999999286e-06
9.844140000000000586e-06
9.776149999999999565e-06
9.816199999999999291e-06
9.791050000000000049e-06
9.855309999999999329e-06
9.807819999999999212e-06
9.768700000000000170e-06
9.830170000000000786e-06
9.786400000000000017e-06
9.765909999999999812e-06
9.813399999999999928e-06
9.797570000000000454e-06
9.794780000000000096e-06
9.739829999999999885e-06
9.813399999999999928e-06
9.773359999999999207e-06
9.776149999999999565e-06
9.872080000000000186e-06
9.825510000000000054e-06
9.706300000000000564e-06
9.778009999999999239e-06
9.844140000000000586e-06
9.816199999999999291e-06
9.848790000000000617e-06
9.839479999999999854e-06
9.834820000000000817e-06
