-1.792500000000000000e+02
-1.791239999999999952e+02
-1.792199999999999989e+02
-1.793760000000000048e+02
-1.794000000000000057e+02
-1.797359999999999900e+02
-1.797539999999999907e+02
-1.792199999999999989e+02
-1.792560000000000002e+02
-1.795980000000000132e+02
-1.794060000000000059e+02
-1.791599999999999966e+02
-1.794000000000000057e+02
-1.798259999999999934e+02
-1.793220000000000027e+02
-1.792860000000000014e+02
-1.795980000000000132e+02
-1.793640000000000043e+02
-1.794480000000000075e+02
-1.797119999999999891e+02
-1.794840000000000089e+02
-1.796579999999999870e+02
-1.794960000000000093e+02
-1.795260000000000105e+02
-1.792139999999999986e+02
-1.792740000000000009e+02
-1.795740000000000123e+02
-1.797419999999999902e+02
-1.794180000000000064e+02
-1.794060000000000059e+02
-1.797119999999999891e+02
-1.795920000000000130e+02
-1.792740000000000009e+02
-1.794900000000000091e+02
-1.791239999999999952e+02
-1.794120000000000061e+02
-1.795380000000000109e+02
-1.795620000000000118e+02
-1.798919999999999959e+02
-1.794960000000000093e+02
-1.796639999999999873e+02
-1.795380000000000109e+02
-1.798139999999999930e+02
-1.798439999999999941e+02
-1.796100000000000136e+02
-1.798679999999999950e+02
-1.797119999999999891e+02
1.799819999999999993e+02
-1.797779999999999916e+02
-1.799519999999999982e+02
-1.797059999999999889e+02
-1.794060000000000059e+02
-1.795680000000000121e+02
-1.797059999999999889e+02
-1.796100000000000136e+02
-1.796220000000000141e+02
-1.798559999999999945e+02
-1.794840000000000089e+02
-1.796459999999999866e+02
-1.793160000000000025e+02
-1.795500000000000114e+02
-1.797119999999999891e+02
-1.795680000000000121e+02
-1.792439999999999998e+02
-1.791239999999999952e+02
-1.791839999999999975e+02
-1.792740000000000009e+02
-1.791119999999999948e+02
-1.791659999999999968e+02
-1.790519999999999925e+02
-1.791059999999999945e+02
-1.789559999999999889e+02
-1.785780000000000030e+02
-1.784219999999999970e+02
-1.785360000000000014e+02
-1.784399999999999977e+02
-1.786140000000000043e+02
-1.784399999999999977e+02
-1.783439999999999941e+02
-1.784159999999999968e+02
-1.781699999999999875e+02
-1.774439999999999884e+02
-1.777259999999999991e+02
-1.774739999999999895e+02
-1.774679999999999893e+02
-1.771620000000000061e+02
-1.772280000000000086e+02
-1.768199999999999932e+02
-1.764300000000000068e+02
-1.761539999999999964e+02
-1.760579999999999927e+02
-1.758839999999999861e+02
-1.759439999999999884e+02
-1.752419999999999902e+02
-1.754039999999999964e+02
-1.747139999999999986e+02
-1.746419999999999959e+02
-1.738679999999999950e+02
-1.735800000000000125e+02
-1.727940000000000111e+02
